<?xml version="1.0" encoding="utf-8"?>
<COLLADA xmlns:xsi="http://www.w3.org/2001/XMLSchema-instance" xmlns:xsd="http://www.w3.org/2001/XMLSchema" version="1.4.1" xmlns="http://www.collada.org/2005/11/COLLADASchema">
  <asset>
    <contributor>
      <author />
      <authoring_tool>Unity3D 2017.3.1f1 - COLLADA exporter v1.6.4</authoring_tool>
      <comments />
      <copyright />
      <source_data />
    </contributor>
    <created>2018-03-20T12:24:46.244453-04:00</created>
    <modified>2018-03-20T12:24:46.244455-04:00</modified>
    <unit meter="1" name="meter" />
    <up_axis>Y_UP</up_axis>
  </asset>
  <library_animations>
    <animation>
      <source id="_bb648e4f0dc5e4b799bd46b19d554c7b_mixamo.com_0-input">
        <float_array id="_bb648e4f0dc5e4b799bd46b19d554c7b_mixamo.com_0-input-array" count="194">0.000000 0.016600 0.033300 0.050000 0.066600 0.083300 0.100000 0.116600 0.133300 0.150000 0.166600 0.183300 0.200000 0.216600 0.233300 0.250000 0.266600 0.283300 0.300000 0.316600 0.333300 0.350000 0.366600 0.383300 0.400000 0.416600 0.433300 0.450000 0.466600 0.483300 0.500000 0.516600 0.533300 0.550000 0.566600 0.583300 0.600000 0.616600 0.633300 0.650000 0.666600 0.683300 0.700000 0.716600 0.733300 0.750000 0.766600 0.783300 0.800000 0.816600 0.833300 0.850000 0.866600 0.883300 0.900000 0.916600 0.933300 0.950000 0.966600 0.983300 1.000000 1.016600 1.033300 1.050000 1.066600 1.083300 1.100000 1.116600 1.133300 1.150000 1.166600 1.183300 1.200000 1.216600 1.233300 1.250000 1.266600 1.283300 1.300000 1.316600 1.333300 1.350000 1.366600 1.383300 1.400000 1.416600 1.433300 1.450000 1.466600 1.483300 1.500000 1.516600 1.533300 1.550000 1.566600 1.583300 1.600000 1.616600 1.633300 1.650000 1.666600 1.683300 1.700000 1.716600 1.733300 1.750000 1.766600 1.783300 1.800000 1.816600 1.833300 1.850000 1.866600 1.883300 1.900000 1.916600 1.933300 1.950000 1.966600 1.983300 2.000000 2.016600 2.033300 2.050000 2.066600 2.083300 2.100000 2.116600 2.133300 2.150000 2.166600 2.183300 2.200000 2.216600 2.233300 2.250000 2.266600 2.283300 2.300000 2.316600 2.333300 2.350000 2.366600 2.383300 2.400000 2.416600 2.433300 2.450000 2.466600 2.483300 2.500000 2.516600 2.533300 2.550000 2.566600 2.583300 2.600000 2.616600 2.633300 2.650000 2.666600 2.683300 2.700000 2.716600 2.733300 2.750000 2.766600 2.783300 2.800000 2.816600 2.833300 2.850000 2.866600 2.883300 2.900000 2.916600 2.933300 2.950000 2.966600 2.983300 3.000000 3.016600 3.033300 3.050000 3.066600 3.083300 3.100000 3.116600 3.133300 3.150000 3.166600 3.183300 3.200000 3.216600</float_array>
        <technique_common>
          <accessor count="194" source="#_bb648e4f0dc5e4b799bd46b19d554c7b_mixamo.com_0-input-array">
            <param name="TIME" type="float" />
          </accessor>
        </technique_common>
      </source>
      <source id="_bb648e4f0dc5e4b799bd46b19d554c7b_mixamo.com_0-output">
        <float_array id="_bb648e4f0dc5e4b799bd46b19d554c7b_mixamo.com_0-output-array" count="3104">

0.998869 -0.039620 -0.026300 -0.022260 
0.040936 0.997831 0.051548 0.674629 
0.024201 -0.052566 0.998324 -0.050849 
0.000000 0.000000 0.000000 1.000000 

0.998850 -0.039183 -0.027636 -0.022542 
0.040529 0.997929 0.049960 0.674618 
0.025621 -0.051023 0.998369 -0.051755 
0.000000 0.000000 0.000000 1.000000 

0.998832 -0.038419 -0.029296 -0.022843 
0.039810 0.998031 0.048460 0.674632 
0.027377 -0.049570 0.998395 -0.052748 
0.000000 0.000000 0.000000 1.000000 

0.998806 -0.037362 -0.031465 -0.023147 
0.038816 0.998143 0.046953 0.674657 
0.029652 -0.048119 0.998401 -0.053829 
0.000000 0.000000 0.000000 1.000000 

0.998761 -0.036051 -0.034314 -0.023439 
0.037591 0.998264 0.045346 0.674677 
0.032619 -0.046580 0.998382 -0.054993 
0.000000 0.000000 0.000000 1.000000 

0.998679 -0.034503 -0.038068 -0.023707 
0.036152 0.998398 0.043517 0.674678 
0.036506 -0.044836 0.998327 -0.056261 
0.000000 0.000000 0.000000 1.000000 

0.998542 -0.032761 -0.042905 -0.023937 
0.034539 0.998547 0.041373 0.674645 
0.041487 -0.042795 0.998222 -0.057629 
0.000000 0.000000 0.000000 1.000000 

0.998323 -0.030874 -0.048975 -0.024112 
0.032791 0.998708 0.038830 0.674565 
0.047713 -0.040371 0.998045 -0.059092 
0.000000 0.000000 0.000000 1.000000 

0.997983 -0.028859 -0.056544 -0.024220 
0.030911 0.998882 0.035756 0.674421 
0.055449 -0.037432 0.997760 -0.060674 
0.000000 0.000000 0.000000 1.000000 

0.997476 -0.026772 -0.065770 -0.024276 
0.028929 0.999067 0.032067 0.674194 
0.064850 -0.033888 0.997319 -0.062428 
0.000000 0.000000 0.000000 1.000000 

0.996743 -0.024679 -0.076771 -0.024302 
0.026874 0.999255 0.027690 0.673887 
0.076030 -0.029663 0.996664 -0.064394 
0.000000 0.000000 0.000000 1.000000 

0.995697 -0.022611 -0.089867 -0.024293 
0.024724 0.999442 0.022477 0.673516 
0.089308 -0.024602 0.995700 -0.066580 
0.000000 0.000000 0.000000 1.000000 

0.994371 -0.020799 -0.103889 -0.024247 
0.022646 0.999605 0.016632 0.673101 
0.103502 -0.018891 0.994450 -0.068960 
0.000000 0.000000 0.000000 1.000000 

0.992885 -0.019411 -0.117486 -0.024159 
0.020776 0.999730 0.010402 0.672666 
0.117252 -0.012769 0.993020 -0.071504 
0.000000 0.000000 0.000000 1.000000 

0.991241 -0.018408 -0.130773 -0.024026 
0.019049 0.999812 0.003654 0.672224 
0.130681 -0.006114 0.991406 -0.074229 
0.000000 0.000000 0.000000 1.000000 

0.989473 -0.017775 -0.143623 -0.023843 
0.017434 0.999841 -0.003632 0.671796 
0.143664 0.001090 0.989626 -0.077103 
0.000000 0.000000 0.000000 1.000000 

0.987615 -0.017492 -0.155917 -0.023707 
0.015898 0.999808 -0.011464 0.671349 
0.156088 0.008844 0.987704 -0.080072 
0.000000 0.000000 0.000000 1.000000 

0.985672 -0.017532 -0.167761 -0.023687 
0.014379 0.999697 -0.019992 0.670850 
0.168060 0.017293 0.985625 -0.083157 
0.000000 0.000000 0.000000 1.000000 

0.983681 -0.017877 -0.179033 -0.023740 
0.012845 0.999490 -0.029224 0.670328 
0.179465 0.026447 0.983409 -0.086360 
0.000000 0.000000 0.000000 1.000000 

0.981681 -0.018497 -0.189631 -0.023822 
0.011264 0.999170 -0.039151 0.669815 
0.190197 0.036298 0.981075 -0.089680 
0.000000 0.000000 0.000000 1.000000 

0.979678 -0.019377 -0.199638 -0.023890 
0.009575 0.998706 -0.049945 0.669332 
0.200347 0.047018 0.978596 -0.093177 
0.000000 0.000000 0.000000 1.000000 

0.977713 -0.020487 -0.208946 -0.023902 
0.007749 0.998071 -0.061598 0.668909 
0.209805 0.058606 0.975985 -0.096852 
0.000000 0.000000 0.000000 1.000000 

0.975825 -0.021792 -0.217465 -0.023879 
0.005761 0.997235 -0.074083 0.668538 
0.218479 0.071040 0.973253 -0.100650 
0.000000 0.000000 0.000000 1.000000 

0.974021 -0.023279 -0.225257 -0.023926 
0.003550 0.996149 -0.087600 0.668095 
0.226429 0.084524 0.970353 -0.104580 
0.000000 0.000000 0.000000 1.000000 

0.972343 -0.024910 -0.232225 -0.024132 
0.001095 0.994771 -0.102122 0.667451 
0.233555 0.099043 0.967286 -0.108629 
0.000000 0.000000 0.000000 1.000000 

0.970827 -0.026638 -0.238296 -0.024578 
-0.001618 0.993060 -0.117599 0.666483 
0.239775 0.114554 0.964046 -0.112780 
0.000000 0.000000 0.000000 1.000000 

0.969483 -0.028447 -0.243503 -0.025262 
-0.004646 0.990935 -0.134262 0.665087 
0.245115 0.131296 0.960562 -0.117116 
0.000000 0.000000 0.000000 1.000000 

0.968347 -0.030285 -0.247766 -0.026070 
-0.007997 0.988339 -0.152062 0.663158 
0.249482 0.149230 0.956812 -0.121623 
0.000000 0.000000 0.000000 1.000000 

0.967447 -0.032095 -0.251028 -0.026932 
-0.011665 0.985215 -0.170922 0.660565 
0.252803 0.168286 0.952770 -0.126249 
0.000000 0.000000 0.000000 1.000000 

0.966295 -0.032902 -0.255325 -0.027790 
-0.017280 0.981273 -0.191847 0.657125 
0.256855 0.189793 0.947631 -0.131027 
0.000000 0.000000 0.000000 1.000000 

0.964475 -0.032285 -0.262193 -0.028684 
-0.025775 0.976268 -0.215027 0.652785 
0.262913 0.214146 0.940754 -0.135851 
0.000000 0.000000 0.000000 1.000000 

0.962129 -0.031092 -0.270817 -0.029660 
-0.036090 0.970199 -0.239606 0.647601 
0.270196 0.240305 0.932334 -0.140612 
0.000000 0.000000 0.000000 1.000000 

0.959379 -0.030101 -0.280509 -0.030676 
-0.047326 0.963031 -0.265203 0.641486 
0.278122 0.267705 0.922487 -0.145345 
0.000000 0.000000 0.000000 1.000000 

0.956435 -0.030059 -0.290395 -0.031670 
-0.058354 0.954930 -0.291038 0.634447 
0.286055 0.295304 0.911574 -0.149996 
0.000000 0.000000 0.000000 1.000000 

0.953553 -0.031626 -0.299560 -0.032582 
-0.068011 0.946190 -0.316385 0.626510 
0.293446 0.322063 0.900091 -0.154515 
0.000000 0.000000 0.000000 1.000000 

0.950974 -0.035426 -0.307235 -0.033368 
-0.075276 0.937029 -0.341042 0.617557 
0.299970 0.347450 0.888424 -0.158931 
0.000000 0.000000 0.000000 1.000000 

0.949001 -0.042004 -0.312464 -0.034119 
-0.078913 0.927891 -0.364404 0.607504 
0.305239 0.370477 0.877255 -0.163083 
0.000000 0.000000 0.000000 1.000000 

0.947897 -0.051797 -0.314337 -0.034961 
-0.077748 0.919247 -0.385927 0.596430 
0.308944 0.390258 0.867325 -0.166857 
0.000000 0.000000 0.000000 1.000000 

0.947431 -0.063106 -0.313676 -0.035895 
-0.073766 0.910867 -0.406054 0.584380 
0.311341 0.407847 0.858328 -0.170336 
0.000000 0.000000 0.000000 1.000000 

0.947132 -0.073577 -0.312295 -0.036911 
-0.069958 0.902572 -0.424818 0.571602 
0.313125 0.424206 0.849707 -0.173535 
0.000000 0.000000 0.000000 1.000000 

0.946833 -0.082991 -0.310837 -0.037992 
-0.066581 0.894696 -0.441686 0.558359 
0.314760 0.438899 0.841602 -0.176474 
0.000000 0.000000 0.000000 1.000000 

0.946366 -0.091315 -0.309924 -0.039146 
-0.063850 0.887457 -0.456446 0.544672 
0.316724 0.451754 0.834029 -0.179227 
0.000000 0.000000 0.000000 1.000000 

0.945565 -0.098362 -0.310214 -0.040359 
-0.062059 0.881236 -0.468584 0.530802 
0.319463 0.462328 0.827162 -0.181815 
0.000000 0.000000 0.000000 1.000000 

0.944264 -0.103985 -0.312333 -0.041615 
-0.061482 0.876394 -0.477654 0.517015 
0.323396 0.470235 0.821154 -0.184260 
0.000000 0.000000 0.000000 1.000000 

0.943076 -0.109408 -0.314068 -0.042861 
-0.060838 0.871654 -0.486331 0.503337 
0.326967 0.477754 0.815379 -0.186657 
0.000000 0.000000 0.000000 1.000000 

0.942747 -0.115539 -0.312855 -0.044053 
-0.058802 0.865794 -0.496934 0.490020 
0.328283 0.486879 0.809431 -0.188994 
0.000000 0.000000 0.000000 1.000000 

0.943234 -0.121859 -0.308965 -0.045223 
-0.055608 0.859184 -0.508637 0.477282 
0.327439 0.496945 0.803635 -0.191207 
0.000000 0.000000 0.000000 1.000000 

0.944488 -0.127966 -0.302601 -0.046425 
-0.051421 0.852104 -0.520841 0.465109 
0.324497 0.507488 0.798222 -0.193269 
0.000000 0.000000 0.000000 1.000000 

0.946442 -0.133350 -0.294049 -0.047693 
-0.046463 0.844996 -0.532750 0.453723 
0.319513 0.517879 0.793545 -0.195113 
0.000000 0.000000 0.000000 1.000000 

0.949009 -0.137539 -0.283664 -0.049057 
-0.040983 0.838345 -0.543597 0.443325 
0.312575 0.527504 0.789960 -0.196679 
0.000000 0.000000 0.000000 1.000000 

0.952144 -0.140162 -0.271619 -0.050470 
-0.035150 0.832549 -0.552835 0.434160 
0.303623 0.535926 0.787780 -0.198042 
0.000000 0.000000 0.000000 1.000000 

0.955757 -0.140796 -0.258272 -0.051826 
-0.029256 0.828157 -0.559732 0.426632 
0.292698 0.542525 0.787398 -0.199216 
0.000000 0.000000 0.000000 1.000000 

0.959921 -0.139501 -0.243086 -0.053108 
-0.023776 0.823668 -0.566573 0.420849 
0.279260 0.549645 0.787340 -0.200090 
0.000000 0.000000 0.000000 1.000000 

0.964503 -0.137016 -0.225745 -0.054320 
-0.018820 0.817020 -0.576302 0.416824 
0.263401 0.560093 0.785440 -0.200569 
0.000000 0.000000 0.000000 1.000000 

0.969028 -0.134036 -0.207408 -0.055446 
-0.014310 0.807992 -0.589019 0.414675 
0.246534 0.573745 0.781049 -0.200541 
0.000000 0.000000 0.000000 1.000000 

0.973109 -0.131288 -0.189266 -0.056470 
-0.010175 0.796367 -0.604728 0.414479 
0.230119 0.590392 0.773616 -0.199906 
0.000000 0.000000 0.000000 1.000000 

0.976520 -0.129487 -0.172169 -0.057393 
-0.006314 0.781650 -0.623685 0.416315 
0.215335 0.610128 0.762479 -0.198550 
0.000000 0.000000 0.000000 1.000000 

0.979004 -0.128243 -0.158444 -0.058190 
-0.003505 0.766589 -0.642128 0.419623 
0.203810 0.629202 0.750044 -0.196689 
0.000000 0.000000 0.000000 1.000000 

0.980720 -0.126500 -0.148946 -0.058894 
-0.001902 0.755987 -0.654583 0.423660 
0.195407 0.642247 0.741172 -0.194739 
0.000000 0.000000 0.000000 1.000000 

0.982001 -0.124010 -0.142459 -0.059587 
-0.000539 0.752415 -0.658689 0.428336 
0.188872 0.646910 0.738806 -0.192853 
0.000000 0.000000 0.000000 1.000000 

0.983091 -0.120486 -0.137896 -0.060341 
0.001554 0.758505 -0.651666 0.433491 
0.183111 0.640433 0.745866 -0.191219 
0.000000 0.000000 0.000000 1.000000 

0.984205 -0.115630 -0.134050 -0.061225 
0.005306 0.776145 -0.630533 0.438951 
0.176951 0.619862 0.764499 -0.190021 
0.000000 0.000000 0.000000 1.000000 

0.985371 -0.109945 -0.130212 -0.062325 
0.011385 0.804824 -0.593404 0.444644 
0.170040 0.583241 0.794302 -0.189419 
0.000000 0.000000 0.000000 1.000000 

0.986367 -0.104435 -0.127176 -0.063709 
0.018651 0.838785 -0.544143 0.450398 
0.163501 0.534353 0.829298 -0.189600 
0.000000 0.000000 0.000000 1.000000 

0.987066 -0.099285 -0.125871 -0.065141 
0.025490 0.872355 -0.488207 0.456083 
0.158276 0.478684 0.863603 -0.189957 
0.000000 0.000000 0.000000 1.000000 

0.987360 -0.094411 -0.127305 -0.066327 
0.030649 0.901795 -0.431075 0.462097 
0.155501 0.421725 0.893290 -0.189626 
0.000000 0.000000 0.000000 1.000000 

0.987104 -0.089703 -0.132589 -0.067211 
0.032949 0.924368 -0.380077 0.468907 
0.156655 0.370807 0.915402 -0.188385 
0.000000 0.000000 0.000000 1.000000 

0.986328 -0.085287 -0.141010 -0.067746 
0.032299 0.939115 -0.342083 0.476963 
0.161600 0.332851 0.929029 -0.186035 
0.000000 0.000000 0.000000 1.000000 

0.985248 -0.081158 -0.150665 -0.067892 
0.029770 0.948253 -0.316117 0.486862 
0.168524 0.306968 0.936680 -0.182331 
0.000000 0.000000 0.000000 1.000000 

0.984006 -0.077110 -0.160580 -0.067601 
0.026022 0.954006 -0.298657 0.499064 
0.176223 0.289701 0.940754 -0.177065 
0.000000 0.000000 0.000000 1.000000 

0.982790 -0.072908 -0.169728 -0.066651 
0.021723 0.958057 -0.285753 0.514198 
0.183443 0.277149 0.943153 -0.170209 
0.000000 0.000000 0.000000 1.000000 

0.981808 -0.068183 -0.177212 -0.064955 
0.017489 0.961809 -0.273161 0.532792 
0.189069 0.265092 0.945505 -0.161940 
0.000000 0.000000 0.000000 1.000000 

0.981320 -0.062598 -0.181912 -0.062701 
0.014038 0.966361 -0.256805 0.554684 
0.191868 0.249455 0.949189 -0.152587 
0.000000 0.000000 0.000000 1.000000 

0.981581 -0.055851 -0.182701 -0.060089 
0.012034 0.972489 -0.232636 0.579638 
0.190667 0.226153 0.955249 -0.142504 
0.000000 0.000000 0.000000 1.000000 

0.982466 -0.051082 -0.179308 -0.057271 
0.013949 0.979177 -0.202527 0.607877 
0.185920 0.196475 0.962721 -0.131859 
0.000000 0.000000 0.000000 1.000000 

0.983584 -0.047046 -0.174208 -0.054445 
0.016609 0.984921 -0.172208 0.639180 
0.179682 0.166488 0.969534 -0.121001 
0.000000 0.000000 0.000000 1.000000 

0.984758 -0.036560 -0.170047 -0.051755 
0.012104 0.989694 -0.142689 0.671170 
0.173511 0.138456 0.975051 -0.111037 
0.000000 0.000000 0.000000 1.000000 

0.985544 -0.012078 -0.168990 -0.048715 
-0.007458 0.993396 -0.114495 0.699522 
0.169257 0.114100 0.978945 -0.102440 
0.000000 0.000000 0.000000 1.000000 

0.985044 0.024857 -0.170498 -0.044912 
-0.039967 0.995513 -0.085772 0.722038 
0.167601 0.091304 0.981618 -0.094668 
0.000000 0.000000 0.000000 1.000000 

0.984410 0.048862 -0.168965 -0.046142 
-0.058631 0.996855 -0.053316 0.752661 
0.165829 0.062391 0.984179 -0.092266 
0.000000 0.000000 0.000000 1.000000 

0.984568 0.052756 -0.166864 -0.050269 
-0.055779 0.998352 -0.013480 0.784923 
0.165878 0.022579 0.985888 -0.093291 
0.000000 0.000000 0.000000 1.000000 

0.984274 0.049555 -0.169554 -0.055390 
-0.045091 0.998530 0.030079 0.810581 
0.170795 -0.021961 0.985062 -0.095558 
0.000000 0.000000 0.000000 1.000000 

0.983442 0.041907 -0.176310 -0.060031 
-0.030299 0.997224 0.068021 0.830330 
0.178671 -0.061553 0.981982 -0.097861 
0.000000 0.000000 0.000000 1.000000 

0.981990 0.032088 -0.186188 -0.062610 
-0.015134 0.995665 0.091777 0.846407 
0.188326 -0.087307 0.978218 -0.099345 
0.000000 0.000000 0.000000 1.000000 

0.979999 0.022166 -0.197765 -0.063093 
-0.003909 0.995730 0.092233 0.860432 
0.198965 -0.089615 0.975901 -0.100708 
0.000000 0.000000 0.000000 1.000000 

0.977606 0.010638 -0.210174 -0.061322 
0.002357 0.998105 0.061485 0.873704 
0.210430 -0.060604 0.975729 -0.102562 
0.000000 0.000000 0.000000 1.000000 

0.975001 -0.003742 -0.222168 -0.058770 
0.005218 0.999968 0.006057 0.883799 
0.222138 -0.007065 0.974990 -0.103619 
0.000000 0.000000 0.000000 1.000000 

0.972660 -0.018005 -0.231536 -0.057156 
0.004256 0.998205 -0.059746 0.888188 
0.232196 0.057127 0.970990 -0.102419 
0.000000 0.000000 0.000000 1.000000 

0.971113 -0.028640 -0.236895 -0.056394 
-0.000295 0.992627 -0.121212 0.888450 
0.238620 0.117780 0.963944 -0.099363 
0.000000 0.000000 0.000000 1.000000 

0.970715 -0.031135 -0.238208 -0.056276 
-0.009107 0.986084 -0.165999 0.886650 
0.240062 0.163307 0.956923 -0.095115 
0.000000 0.000000 0.000000 1.000000 

0.971159 -0.024983 -0.237120 -0.056246 
-0.021683 0.981121 -0.192175 0.884939 
0.237445 0.191774 0.952283 -0.090487 
0.000000 0.000000 0.000000 1.000000 

0.971880 -0.013079 -0.235115 -0.055835 
-0.035940 0.978520 -0.202997 0.884961 
0.232720 0.205738 0.950533 -0.086773 
0.000000 0.000000 0.000000 1.000000 

0.972403 0.001819 -0.233301 -0.055498 
-0.050216 0.978164 -0.201675 0.887421 
0.227840 0.207825 0.951261 -0.084739 
0.000000 0.000000 0.000000 1.000000 

0.972388 0.016724 -0.232768 -0.055863 
-0.062580 0.979584 -0.191045 0.890896 
0.224821 0.200337 0.953583 -0.084056 
0.000000 0.000000 0.000000 1.000000 

0.972816 0.026306 -0.230080 -0.056815 
-0.068736 0.981555 -0.178399 0.893469 
0.221143 0.189364 0.956680 -0.084011 
0.000000 0.000000 0.000000 1.000000 

0.974490 0.028143 -0.222660 -0.057834 
-0.067172 0.983202 -0.169713 0.894117 
0.214144 0.180340 0.960010 -0.083677 
0.000000 0.000000 0.000000 1.000000 

0.976774 0.023464 -0.212982 -0.058309 
-0.059896 0.984262 -0.166258 0.892796 
0.205729 0.175154 0.962807 -0.082870 
0.000000 0.000000 0.000000 1.000000 

0.978985 0.013740 -0.203467 -0.058013 
-0.048979 0.984366 -0.169188 0.889715 
0.197962 0.175599 0.964353 -0.081797 
0.000000 0.000000 0.000000 1.000000 

0.980338 0.004559 -0.197272 -0.057034 
-0.039308 0.984208 -0.172597 0.884515 
0.193370 0.176958 0.965036 -0.080368 
0.000000 0.000000 0.000000 1.000000 

0.980699 0.000065 -0.195523 -0.055463 
-0.034089 0.984741 -0.170655 0.876883 
0.192528 0.174027 0.965737 -0.078510 
0.000000 0.000000 0.000000 1.000000 

0.980391 -0.000788 -0.197060 -0.053420 
-0.032354 0.985779 -0.164905 0.866639 
0.194388 0.168047 0.966423 -0.076638 
0.000000 0.000000 0.000000 1.000000 

0.979649 0.000974 -0.200717 -0.051217 
-0.033092 0.987088 -0.156723 0.854203 
0.197973 0.160175 0.967032 -0.075364 
0.000000 0.000000 0.000000 1.000000 

0.978690 0.004336 -0.205297 -0.049307 
-0.035336 0.988419 -0.147576 0.840507 
0.202279 0.151686 0.967509 -0.074973 
0.000000 0.000000 0.000000 1.000000 

0.977752 0.008216 -0.209602 -0.048031 
-0.038107 0.989563 -0.138971 0.826388 
0.206272 0.143866 0.967861 -0.075615 
0.000000 0.000000 0.000000 1.000000 

0.977082 0.011581 -0.212548 -0.047294 
-0.040512 0.990385 -0.132272 0.811381 
0.208973 0.137851 0.968157 -0.075410 
0.000000 0.000000 0.000000 1.000000 

0.976545 0.015463 -0.214755 -0.046988 
-0.043406 0.991078 -0.126020 0.795155 
0.210891 0.132386 0.968504 -0.072645 
0.000000 0.000000 0.000000 1.000000 

0.976238 0.020871 -0.215693 -0.046614 
-0.047102 0.991991 -0.117198 0.777802 
0.211519 0.124573 0.969403 -0.068355 
0.000000 0.000000 0.000000 1.000000 

0.976803 0.026693 -0.212472 -0.045706 
-0.049958 0.993228 -0.104894 0.759026 
0.208233 0.113075 0.971521 -0.063273 
0.000000 0.000000 0.000000 1.000000 

0.978842 0.031603 -0.202163 -0.045023 
-0.050362 0.994817 -0.088331 0.739472 
0.198324 0.096644 0.975360 -0.058455 
0.000000 0.000000 0.000000 1.000000 

0.982707 0.034094 -0.181999 -0.045281 
-0.046941 0.996665 -0.066754 0.719562 
0.179116 0.074143 0.981030 -0.054786 
0.000000 0.000000 0.000000 1.000000 

0.987579 0.035477 -0.153068 -0.046282 
-0.042052 0.998317 -0.039934 0.698530 
0.151394 0.045875 0.987408 -0.051735 
0.000000 0.000000 0.000000 1.000000 

0.992011 0.037935 -0.120310 -0.047702 
-0.039448 0.999169 -0.010222 0.676122 
0.119822 0.014886 0.992684 -0.048946 
0.000000 0.000000 0.000000 1.000000 

0.995417 0.041235 -0.086285 -0.049102 
-0.039665 0.999016 0.019838 0.652811 
0.087018 -0.016324 0.996073 -0.046263 
0.000000 0.000000 0.000000 1.000000 

0.997557 0.045506 -0.052993 -0.048930 
-0.042962 0.997913 0.048201 0.631227 
0.055076 -0.045807 0.997431 -0.042931 
0.000000 0.000000 0.000000 1.000000 

0.998426 0.051112 -0.023086 -0.048668 
-0.049325 0.996163 0.072296 0.609692 
0.026692 -0.071043 0.997116 -0.040146 
0.000000 0.000000 0.000000 1.000000 

0.998590 0.053078 0.000960 -0.049882 
-0.052955 0.994693 0.088213 0.586734 
0.003727 -0.088139 0.996101 -0.038985 
0.000000 0.000000 0.000000 1.000000 

0.998707 0.047592 0.017897 -0.052720 
-0.049084 0.994257 0.095098 0.556071 
-0.013269 -0.095854 0.995307 -0.041300 
0.000000 0.000000 0.000000 1.000000 

0.998973 0.036755 0.026502 -0.054795 
-0.039107 0.994755 0.094518 0.522772 
-0.022889 -0.095458 0.995170 -0.045770 
0.000000 0.000000 0.000000 1.000000 

0.999411 0.022561 0.025861 -0.056401 
-0.024757 0.995813 0.087996 0.490992 
-0.023767 -0.088585 0.995785 -0.051461 
0.000000 0.000000 0.000000 1.000000 

0.999866 0.006541 0.015034 -0.057803 
-0.007677 0.997021 0.076744 0.463345 
-0.014487 -0.076849 0.996937 -0.057785 
0.000000 0.000000 0.000000 1.000000 

0.999960 -0.008894 0.000587 -0.058938 
0.008838 0.997893 0.064277 0.439042 
-0.001158 -0.064269 0.997932 -0.064366 
0.000000 0.000000 0.000000 1.000000 

0.999704 -0.022002 -0.010405 -0.059779 
0.022526 0.998322 0.053346 0.417500 
0.009214 -0.053564 0.998522 -0.070570 
0.000000 0.000000 0.000000 1.000000 

0.999305 -0.032374 -0.018494 -0.060247 
0.033158 0.998491 0.043778 0.397251 
0.017048 -0.044361 0.998870 -0.076195 
0.000000 0.000000 0.000000 1.000000 

0.998936 -0.039383 -0.024016 -0.060411 
0.040223 0.998557 0.035577 0.377789 
0.022580 -0.036506 0.999078 -0.081209 
0.000000 0.000000 0.000000 1.000000 

0.998722 -0.042499 -0.027367 -0.060499 
0.043282 0.998651 0.028684 0.359393 
0.026111 -0.029832 0.999214 -0.085411 
0.000000 0.000000 0.000000 1.000000 

0.998611 -0.042721 -0.030837 -0.060736 
0.043397 0.998825 0.021588 0.342008 
0.029879 -0.022896 0.999291 -0.088675 
0.000000 0.000000 0.000000 1.000000 

0.998470 -0.041917 -0.036071 -0.061304 
0.042428 0.999008 0.013536 0.326447 
0.035467 -0.015046 0.999258 -0.091059 
0.000000 0.000000 0.000000 1.000000 

0.998257 -0.040951 -0.042493 -0.062029 
0.041218 0.999135 0.005436 0.313457 
0.042233 -0.007178 0.999082 -0.092857 
0.000000 0.000000 0.000000 1.000000 

0.997940 -0.040652 -0.049636 -0.062615 
0.040604 0.999173 -0.001966 0.303011 
0.049675 -0.000054 0.998765 -0.094229 
0.000000 0.000000 0.000000 1.000000 

0.997502 -0.041847 -0.056905 -0.062754 
0.041471 0.999109 -0.007782 0.295323 
0.057180 0.005403 0.998349 -0.095305 
0.000000 0.000000 0.000000 1.000000 

0.996940 -0.045311 -0.063703 -0.062148 
0.044687 0.998939 -0.011179 0.290544 
0.064142 0.008298 0.997906 -0.096219 
0.000000 0.000000 0.000000 1.000000 

0.996220 -0.050779 -0.070473 -0.060786 
0.049953 0.998661 -0.013435 0.288723 
0.071061 0.009864 0.997423 -0.097329 
0.000000 0.000000 0.000000 1.000000 

0.995338 -0.057207 -0.077656 -0.059007 
0.056100 0.998291 -0.016368 0.289647 
0.078460 0.011936 0.996846 -0.098819 
0.000000 0.000000 0.000000 1.000000 

0.994322 -0.064263 -0.084817 -0.057025 
0.062784 0.997827 -0.020000 0.292880 
0.085918 0.014562 0.996196 -0.100576 
0.000000 0.000000 0.000000 1.000000 

0.993203 -0.071745 -0.091654 -0.055016 
0.069785 0.997263 -0.024411 0.298055 
0.093154 0.017849 0.995492 -0.102525 
0.000000 0.000000 0.000000 1.000000 

0.992046 -0.079322 -0.097734 -0.053193 
0.076770 0.996609 -0.029609 0.304750 
0.099751 0.021870 0.994772 -0.104554 
0.000000 0.000000 0.000000 1.000000 

0.990936 -0.086659 -0.102646 -0.051570 
0.083407 0.995881 -0.035572 0.312624 
0.105306 0.026688 0.994082 -0.106499 
0.000000 0.000000 0.000000 1.000000 

0.989948 -0.093549 -0.106071 -0.050009 
0.089493 0.995085 -0.042383 0.321610 
0.109514 0.032464 0.993455 -0.108281 
0.000000 0.000000 0.000000 1.000000 

0.989189 -0.099642 -0.107598 -0.048533 
0.094712 0.994248 -0.050013 0.331437 
0.111962 0.039282 0.992936 -0.109866 
0.000000 0.000000 0.000000 1.000000 

0.988756 -0.104601 -0.106868 -0.047164 
0.098778 0.993393 -0.058415 0.341819 
0.112273 0.047202 0.992556 -0.111227 
0.000000 0.000000 0.000000 1.000000 

0.988730 -0.108160 -0.103511 -0.045899 
0.101489 0.992531 -0.067698 0.352657 
0.110060 0.056430 0.992322 -0.112362 
0.000000 0.000000 0.000000 1.000000 

0.988962 -0.110885 -0.098281 -0.044761 
0.103377 0.991543 -0.078461 0.363666 
0.106150 0.067435 0.992061 -0.113240 
0.000000 0.000000 0.000000 1.000000 

0.989236 -0.113520 -0.092338 -0.043909 
0.105164 0.990298 -0.090829 0.374656 
0.101753 0.080141 0.991576 -0.113862 
0.000000 0.000000 0.000000 1.000000 

0.989539 -0.115992 -0.085784 -0.043435 
0.106863 0.988790 -0.104285 0.385780 
0.096918 0.094027 0.990841 -0.114236 
0.000000 0.000000 0.000000 1.000000 

0.989856 -0.118191 -0.078837 -0.043287 
0.108452 0.987062 -0.118093 0.396958 
0.091774 0.108345 0.989868 -0.114338 
0.000000 0.000000 0.000000 1.000000 

0.990176 -0.120027 -0.071730 -0.043402 
0.109898 0.985204 -0.131512 0.408109 
0.086453 0.122337 0.988716 -0.114153 
0.000000 0.000000 0.000000 1.000000 

0.990494 -0.121459 -0.064571 -0.043722 
0.111186 0.983304 -0.144050 0.419353 
0.080989 0.135501 0.987462 -0.113658 
0.000000 0.000000 0.000000 1.000000 

0.990805 -0.122423 -0.057600 -0.044184 
0.112267 0.981519 -0.154973 0.430611 
0.075508 0.147081 0.986238 -0.112834 
0.000000 0.000000 0.000000 1.000000 

0.991107 -0.122883 -0.051054 -0.044576 
0.113082 0.980025 -0.163593 0.442657 
0.070137 0.156365 0.985206 -0.111462 
0.000000 0.000000 0.000000 1.000000 

0.991406 -0.122817 -0.045049 -0.044753 
0.113582 0.978985 -0.169375 0.456193 
0.064905 0.162803 0.984521 -0.109411 
0.000000 0.000000 0.000000 1.000000 

0.991706 -0.122203 -0.039820 -0.044750 
0.113694 0.978580 -0.171622 0.470692 
0.059939 0.165672 0.984358 -0.106845 
0.000000 0.000000 0.000000 1.000000 

0.992011 -0.121028 -0.035574 -0.044605 
0.113349 0.978953 -0.169714 0.485604 
0.055365 0.164326 0.984851 -0.103939 
0.000000 0.000000 0.000000 1.000000 

0.992335 -0.119312 -0.032192 -0.044355 
0.112493 0.979964 -0.164367 0.500654 
0.051158 0.159486 0.985874 -0.100814 
0.000000 0.000000 0.000000 1.000000 

0.992674 -0.117181 -0.029457 -0.044038 
0.111181 0.981318 -0.157012 0.515294 
0.047306 0.152587 0.987157 -0.097643 
0.000000 0.000000 0.000000 1.000000 

0.993019 -0.114753 -0.027302 -0.043709 
0.109512 0.982895 -0.148068 0.529220 
0.043826 0.144044 0.988600 -0.094511 
0.000000 0.000000 0.000000 1.000000 

0.993366 -0.112100 -0.025623 -0.043355 
0.107558 0.984605 -0.137786 0.542659 
0.040675 0.134116 0.990130 -0.091365 
0.000000 0.000000 0.000000 1.000000 

0.993706 -0.109337 -0.024362 -0.042922 
0.105423 0.986338 -0.126580 0.555486 
0.037869 0.123215 0.991657 -0.088260 
0.000000 0.000000 0.000000 1.000000 

0.994028 -0.106576 -0.023453 -0.042357 
0.103220 0.988001 -0.114887 0.567591 
0.035415 0.111780 0.993102 -0.085255 
0.000000 0.000000 0.000000 1.000000 

0.994328 -0.103885 -0.022818 -0.041595 
0.101023 0.989545 -0.102932 0.579080 
0.033272 0.100043 0.994427 -0.082350 
0.000000 0.000000 0.000000 1.000000 

0.994596 -0.101379 -0.022403 -0.040585 
0.098950 0.990908 -0.091157 0.589839 
0.031441 0.088448 0.995584 -0.079602 
0.000000 0.000000 0.000000 1.000000 

0.994824 -0.099171 -0.022152 -0.039442 
0.097114 0.992053 -0.079999 0.599751 
0.029910 0.077434 0.996549 -0.076998 
0.000000 0.000000 0.000000 1.000000 

0.995008 -0.097337 -0.022009 -0.038307 
0.095597 0.992977 -0.069697 0.608928 
0.028638 0.067245 0.997325 -0.074459 
0.000000 0.000000 0.000000 1.000000 

0.995140 -0.095994 -0.021923 -0.037192 
0.094515 0.993672 -0.060693 0.617344 
0.027610 0.058326 0.997916 -0.072012 
0.000000 0.000000 0.000000 1.000000 

0.995214 -0.095250 -0.021846 -0.036108 
0.093975 0.994141 -0.053400 0.624993 
0.026804 0.051091 0.998334 -0.069679 
0.000000 0.000000 0.000000 1.000000 

0.995221 -0.095199 -0.021726 -0.035047 
0.094071 0.994403 -0.048101 0.632004 
0.026184 0.045828 0.998606 -0.067444 
0.000000 0.000000 0.000000 1.000000 

0.995231 -0.095210 -0.021222 -0.034022 
0.094221 0.994598 -0.043548 0.638365 
0.025253 0.041340 0.998826 -0.065330 
0.000000 0.000000 0.000000 1.000000 

0.995310 -0.094625 -0.020102 -0.033043 
0.093808 0.994853 -0.038304 0.644081 
0.023623 0.036238 0.999064 -0.063359 
0.000000 0.000000 0.000000 1.000000 

0.995447 -0.093515 -0.018461 -0.032104 
0.092885 0.995148 -0.032445 0.649259 
0.021406 0.030583 0.999303 -0.061517 
0.000000 0.000000 0.000000 1.000000 

0.995628 -0.091958 -0.016412 -0.031217 
0.091512 0.995461 -0.026142 0.653898 
0.018741 0.024526 0.999524 -0.059827 
0.000000 0.000000 0.000000 1.000000 

0.995838 -0.090043 -0.014078 -0.030391 
0.089760 0.995771 -0.019575 0.658013 
0.015781 0.018230 0.999709 -0.058306 
0.000000 0.000000 0.000000 1.000000 

0.996069 -0.087820 -0.011541 -0.029621 
0.087671 0.996067 -0.012805 0.661691 
0.012620 0.011742 0.999851 -0.056948 
0.000000 0.000000 0.000000 1.000000 

0.996309 -0.085372 -0.008925 -0.028907 
0.085321 0.996335 -0.006011 0.664922 
0.009405 0.005227 0.999942 -0.055756 
0.000000 0.000000 0.000000 1.000000 

0.996547 -0.082786 -0.006358 -0.028242 
0.082792 0.996567 0.000629 0.667704 
0.006284 -0.001153 0.999980 -0.054719 
0.000000 0.000000 0.000000 1.000000 

0.996779 -0.080098 -0.003924 -0.027617 
0.080124 0.996760 0.007055 0.670099 
0.003346 -0.007346 0.999967 -0.053814 
0.000000 0.000000 0.000000 1.000000 

0.996999 -0.077390 -0.001755 -0.027035 
0.077406 0.996914 0.013090 0.672117 
0.000737 -0.013187 0.999913 -0.053038 
0.000000 0.000000 0.000000 1.000000 

0.997203 -0.074741 0.000022 -0.026499 
0.074728 0.997031 0.018568 0.673778 
-0.001410 -0.018514 0.999828 -0.052386 
0.000000 0.000000 0.000000 1.000000 

0.997391 -0.072184 0.001310 -0.026001 
0.072134 0.997120 0.023418 0.675129 
-0.002996 -0.023263 0.999725 -0.051840 
0.000000 0.000000 0.000000 1.000000 

0.997559 -0.069797 0.001975 -0.025543 
0.069716 0.997189 0.027473 0.676188 
-0.003887 -0.027268 0.999621 -0.051395 
0.000000 0.000000 0.000000 1.000000 

0.997719 -0.067481 0.001976 -0.025127 
0.067388 0.997248 0.030899 0.676979 
-0.004056 -0.030695 0.999521 -0.051043 
0.000000 0.000000 0.000000 1.000000 

0.997879 -0.065074 0.001399 -0.024747 
0.064989 0.997306 0.034024 0.677540 
-0.003609 -0.033860 0.999420 -0.050771 
0.000000 0.000000 0.000000 1.000000 

0.998037 -0.062619 0.000323 -0.024406 
0.062565 0.997361 0.036841 0.677893 
-0.002629 -0.036749 0.999321 -0.050571 
0.000000 0.000000 0.000000 1.000000 

0.998188 -0.060160 -0.001162 -0.024103 
0.060159 0.997413 0.039353 0.678066 
-0.001209 -0.039352 0.999225 -0.050435 
0.000000 0.000000 0.000000 1.000000 

0.998330 -0.057698 -0.002993 -0.023834 
0.057772 0.997463 0.041604 0.678090 
0.000585 -0.041708 0.999130 -0.050351 
0.000000 0.000000 0.000000 1.000000 

0.998458 -0.055279 -0.005085 -0.023600 
0.055448 0.997509 0.043594 0.677992 
0.002662 -0.043808 0.999036 -0.050312 
0.000000 0.000000 0.000000 1.000000 

0.998570 -0.052949 -0.007342 -0.023402 
0.053228 0.997553 0.045325 0.677800 
0.004924 -0.045651 0.998945 -0.050306 
0.000000 0.000000 0.000000 1.000000 

0.998666 -0.050712 -0.009712 -0.023236 
0.051113 0.997594 0.046833 0.677540 
0.007314 -0.047266 0.998856 -0.050325 
0.000000 0.000000 0.000000 1.000000 

0.998744 -0.048616 -0.012103 -0.023103 
0.049145 0.997632 0.048118 0.677243 
0.009735 -0.048653 0.998768 -0.050360 
0.000000 0.000000 0.000000 1.000000 

0.998805 -0.046704 -0.014420 -0.022981 
0.047361 0.997666 0.049189 0.676896 
0.012089 -0.049813 0.998685 -0.050408 
0.000000 0.000000 0.000000 1.000000 

0.998850 -0.044986 -0.016613 -0.022853 
0.045766 0.997697 0.050068 0.676490 
0.014322 -0.050771 0.998608 -0.050470 
0.000000 0.000000 0.000000 1.000000 

0.998880 -0.043507 -0.018586 -0.022728 
0.044401 0.997723 0.050762 0.676066 
0.016335 -0.051531 0.998538 -0.050538 
0.000000 0.000000 0.000000 1.000000 

0.998899 -0.042306 -0.020251 -0.022615 
0.043297 0.997745 0.051279 0.675669 
0.018036 -0.052099 0.998479 -0.050604 
0.000000 0.000000 0.000000 1.000000 

0.998910 -0.041403 -0.021547 -0.022524 
0.042469 0.997763 0.051636 0.675333 
0.019361 -0.052495 0.998433 -0.050660 
0.000000 0.000000 0.000000 1.000000 

0.998915 -0.040837 -0.022384 -0.022462 
0.041952 0.997774 0.051842 0.675102 
0.020217 -0.052725 0.998404 -0.050700 
0.000000 0.000000 0.000000 1.000000 

0.998916 -0.040642 -0.022680 -0.022440 
0.041774 0.997778 0.051908 0.675015 
0.020520 -0.052799 0.998394 -0.050715 
0.000000 0.000000 0.000000 1.000000</float_array>
        <technique_common>
          <accessor count="194" source="#_bb648e4f0dc5e4b799bd46b19d554c7b_mixamo.com_0-output-array" stride="16">
            <param name="TRANSFORM" type="float4x4" />
          </accessor>
        </technique_common>
      </source>
      <source id="_bb648e4f0dc5e4b799bd46b19d554c7b_mixamo.com_0-interpolation">
        <Name_array id="_bb648e4f0dc5e4b799bd46b19d554c7b_mixamo.com_0-interpolation-array" count="194">LINEAR LINEAR LINEAR LINEAR LINEAR LINEAR LINEAR LINEAR LINEAR LINEAR LINEAR LINEAR LINEAR LINEAR LINEAR LINEAR LINEAR LINEAR LINEAR LINEAR LINEAR LINEAR LINEAR LINEAR LINEAR LINEAR LINEAR LINEAR LINEAR LINEAR LINEAR LINEAR LINEAR LINEAR LINEAR LINEAR LINEAR LINEAR LINEAR LINEAR LINEAR LINEAR LINEAR LINEAR LINEAR LINEAR LINEAR LINEAR LINEAR LINEAR LINEAR LINEAR LINEAR LINEAR LINEAR LINEAR LINEAR LINEAR LINEAR LINEAR LINEAR LINEAR LINEAR LINEAR LINEAR LINEAR LINEAR LINEAR LINEAR LINEAR LINEAR LINEAR LINEAR LINEAR LINEAR LINEAR LINEAR LINEAR LINEAR LINEAR LINEAR LINEAR LINEAR LINEAR LINEAR LINEAR LINEAR LINEAR LINEAR LINEAR LINEAR LINEAR LINEAR LINEAR LINEAR LINEAR LINEAR LINEAR LINEAR LINEAR LINEAR LINEAR LINEAR LINEAR LINEAR LINEAR LINEAR LINEAR LINEAR LINEAR LINEAR LINEAR LINEAR LINEAR LINEAR LINEAR LINEAR LINEAR LINEAR LINEAR LINEAR LINEAR LINEAR LINEAR LINEAR LINEAR LINEAR LINEAR LINEAR LINEAR LINEAR LINEAR LINEAR LINEAR LINEAR LINEAR LINEAR LINEAR LINEAR LINEAR LINEAR LINEAR LINEAR LINEAR LINEAR LINEAR LINEAR LINEAR LINEAR LINEAR LINEAR LINEAR LINEAR LINEAR LINEAR LINEAR LINEAR LINEAR LINEAR LINEAR LINEAR LINEAR LINEAR LINEAR LINEAR LINEAR LINEAR LINEAR LINEAR LINEAR LINEAR LINEAR LINEAR LINEAR LINEAR LINEAR LINEAR LINEAR LINEAR LINEAR LINEAR LINEAR LINEAR LINEAR LINEAR LINEAR LINEAR LINEAR LINEAR LINEAR LINEAR LINEAR LINEAR LINEAR </Name_array>
        <technique_common>
          <accessor count="194" source="#_bb648e4f0dc5e4b799bd46b19d554c7b_mixamo.com_0-interpolation-array">
            <param name="INTERPOLATION" type="name" />
          </accessor>
        </technique_common>
      </source>
      <sampler id="_bb648e4f0dc5e4b799bd46b19d554c7b_mixamo.com_0-sampler">
        <input semantic="INPUT" source="#_bb648e4f0dc5e4b799bd46b19d554c7b_mixamo.com_0-input" />
        <input semantic="OUTPUT" source="#_bb648e4f0dc5e4b799bd46b19d554c7b_mixamo.com_0-output" />
        <input semantic="INTERPOLATION" source="#_bb648e4f0dc5e4b799bd46b19d554c7b_mixamo.com_0-interpolation" />
      </sampler>
      <channel source="#_bb648e4f0dc5e4b799bd46b19d554c7b_mixamo.com_0-sampler" target="_12318/matrix" />
      <source id="_bb648e4f0dc5e4b799bd46b19d554c7b_mixamo.com_1-input">
        <float_array id="_bb648e4f0dc5e4b799bd46b19d554c7b_mixamo.com_1-input-array" count="194">0.000000 0.016600 0.033300 0.050000 0.066600 0.083300 0.100000 0.116600 0.133300 0.150000 0.166600 0.183300 0.200000 0.216600 0.233300 0.250000 0.266600 0.283300 0.300000 0.316600 0.333300 0.350000 0.366600 0.383300 0.400000 0.416600 0.433300 0.450000 0.466600 0.483300 0.500000 0.516600 0.533300 0.550000 0.566600 0.583300 0.600000 0.616600 0.633300 0.650000 0.666600 0.683300 0.700000 0.716600 0.733300 0.750000 0.766600 0.783300 0.800000 0.816600 0.833300 0.850000 0.866600 0.883300 0.900000 0.916600 0.933300 0.950000 0.966600 0.983300 1.000000 1.016600 1.033300 1.050000 1.066600 1.083300 1.100000 1.116600 1.133300 1.150000 1.166600 1.183300 1.200000 1.216600 1.233300 1.250000 1.266600 1.283300 1.300000 1.316600 1.333300 1.350000 1.366600 1.383300 1.400000 1.416600 1.433300 1.450000 1.466600 1.483300 1.500000 1.516600 1.533300 1.550000 1.566600 1.583300 1.600000 1.616600 1.633300 1.650000 1.666600 1.683300 1.700000 1.716600 1.733300 1.750000 1.766600 1.783300 1.800000 1.816600 1.833300 1.850000 1.866600 1.883300 1.900000 1.916600 1.933300 1.950000 1.966600 1.983300 2.000000 2.016600 2.033300 2.050000 2.066600 2.083300 2.100000 2.116600 2.133300 2.150000 2.166600 2.183300 2.200000 2.216600 2.233300 2.250000 2.266600 2.283300 2.300000 2.316600 2.333300 2.350000 2.366600 2.383300 2.400000 2.416600 2.433300 2.450000 2.466600 2.483300 2.500000 2.516600 2.533300 2.550000 2.566600 2.583300 2.600000 2.616600 2.633300 2.650000 2.666600 2.683300 2.700000 2.716600 2.733300 2.750000 2.766600 2.783300 2.800000 2.816600 2.833300 2.850000 2.866600 2.883300 2.900000 2.916600 2.933300 2.950000 2.966600 2.983300 3.000000 3.016600 3.033300 3.050000 3.066600 3.083300 3.100000 3.116600 3.133300 3.150000 3.166600 3.183300 3.200000 3.216600</float_array>
        <technique_common>
          <accessor count="194" source="#_bb648e4f0dc5e4b799bd46b19d554c7b_mixamo.com_1-input-array">
            <param name="TIME" type="float" />
          </accessor>
        </technique_common>
      </source>
      <source id="_bb648e4f0dc5e4b799bd46b19d554c7b_mixamo.com_1-output">
        <float_array id="_bb648e4f0dc5e4b799bd46b19d554c7b_mixamo.com_1-output-array" count="3104">

-0.992280 0.041837 0.116749 0.076242 
0.000643 -0.939635 0.342177 -0.046002 
0.124017 0.339610 0.932354 0.002212 
0.000000 0.000000 0.000000 1.000000 

-0.992188 0.043218 0.117031 0.076242 
-0.000164 -0.938530 0.345197 -0.046002 
0.124756 0.342481 0.931205 0.002212 
0.000000 0.000000 0.000000 1.000000 

-0.992078 0.044954 0.117305 0.076242 
-0.001297 -0.937394 0.348269 -0.046002 
0.125617 0.345358 0.930026 0.002212 
0.000000 0.000000 0.000000 1.000000 

-0.991942 0.047085 0.117617 0.076242 
-0.002760 -0.936182 0.351504 -0.046002 
0.126662 0.348347 0.928768 0.002212 
0.000000 0.000000 0.000000 1.000000 

-0.991771 0.049643 0.118013 0.076242 
-0.004550 -0.934851 0.355011 -0.046002 
0.127949 0.351553 0.927383 0.002212 
0.000000 0.000000 0.000000 1.000000 

-0.991549 0.052705 0.118544 0.076242 
-0.006695 -0.933329 0.358959 -0.046002 
0.129560 0.355132 0.925794 0.002212 
0.000000 0.000000 0.000000 1.000000 

-0.991266 0.056309 0.119252 0.076242 
-0.009193 -0.931565 0.363458 -0.046002 
0.131557 0.359187 0.923947 0.002212 
0.000000 0.000000 0.000000 1.000000 

-0.990909 0.060476 0.120171 0.076242 
-0.012028 -0.929510 0.368601 -0.046002 
0.133992 0.363804 0.921788 0.002212 
0.000000 0.000000 0.000000 1.000000 

-0.990459 0.065309 0.121353 0.076242 
-0.015236 -0.927071 0.374576 -0.046002 
0.136966 0.369153 0.919221 0.002212 
0.000000 0.000000 0.000000 1.000000 

-0.989897 0.070835 0.122826 0.076242 
-0.018799 -0.924187 0.381479 -0.046002 
0.140536 0.375316 0.916181 0.002212 
0.000000 0.000000 0.000000 1.000000 

-0.989208 0.077069 0.124611 0.076242 
-0.022689 -0.920797 0.389383 -0.046002 
0.144751 0.382353 0.912608 0.002212 
0.000000 0.000000 0.000000 1.000000 

-0.988359 0.084142 0.126753 0.076242 
-0.026941 -0.916772 0.398501 -0.046002 
0.149734 0.390447 0.908367 0.002212 
0.000000 0.000000 0.000000 1.000000 

-0.987428 0.091484 0.128907 0.076242 
-0.031206 -0.912274 0.408390 -0.046002 
0.154960 0.399233 0.903659 0.002212 
0.000000 0.000000 0.000000 1.000000 

-0.986512 0.098517 0.130726 0.076242 
-0.035163 -0.907507 0.418562 -0.046002 
0.159870 0.408320 0.898731 0.002212 
