<?xml version="1.0" encoding="utf-8"?>
<COLLADA xmlns:xsi="http://www.w3.org/2001/XMLSchema-instance" xmlns:xsd="http://www.w3.org/2001/XMLSchema" version="1.4.1" xmlns="http://www.collada.org/2005/11/COLLADASchema">
  <asset>
    <contributor>
      <author />
      <authoring_tool>Unity3D 2017.2.1f1 - COLLADA exporter v1.6.4</authoring_tool>
      <comments />
      <copyright />
      <source_data />
    </contributor>
    <created>2018-03-12T00:37:41.318521-04:00</created>
    <modified>2018-03-12T00:37:41.318523-04:00</modified>
    <unit meter="1" name="meter" />
    <up_axis>Y_UP</up_axis>
  </asset>
  <library_animations>
    <animation>
      <source id="_320c98077e8bf41bd9906c4f1a54d429_mixamo.com_13936_0-input">
        <float_array id="_320c98077e8bf41bd9906c4f1a54d429_mixamo.com_13936_0-input-array" count="127">0.000000 0.016600 0.033300 0.050000 0.066600 0.083300 0.100000 0.116600 0.133300 0.150000 0.166600 0.183300 0.200000 0.216600 0.233300 0.250000 0.266600 0.283300 0.300000 0.316600 0.333300 0.350000 0.366600 0.383300 0.400000 0.416600 0.433300 0.450000 0.466600 0.483300 0.500000 0.516600 0.533300 0.550000 0.566600 0.583300 0.600000 0.616600 0.633300 0.650000 0.666600 0.683300 0.700000 0.716600 0.733300 0.750000 0.766600 0.783300 0.800000 0.816600 0.833300 0.850000 0.866600 0.883300 0.900000 0.916600 0.933300 0.950000 0.966600 0.983300 1.000000 1.016600 1.033300 1.050000 1.066600 1.083300 1.100000 1.116600 1.133300 1.150000 1.166600 1.183300 1.200000 1.216600 1.233300 1.250000 1.266600 1.283300 1.300000 1.316600 1.333300 1.350000 1.366600 1.383300 1.400000 1.416600 1.433300 1.450000 1.466600 1.483300 1.500000 1.516600 1.533300 1.550000 1.566600 1.583300 1.600000 1.616600 1.633300 1.650000 1.666600 1.683300 1.700000 1.716600 1.733300 1.750000 1.766600 1.783300 1.800000 1.816600 1.833300 1.850000 1.866600 1.883300 1.900000 1.916600 1.933300 1.950000 1.966600 1.983300 2.000000 2.016600 2.033300 2.050000 2.066600 2.083300 2.100000</float_array>
        <technique_common>
          <accessor count="127" source="#_320c98077e8bf41bd9906c4f1a54d429_mixamo.com_13936_0-input-array">
            <param name="TIME" type="float" />
          </accessor>
        </technique_common>
      </source>
      <source id="_320c98077e8bf41bd9906c4f1a54d429_mixamo.com_13936_0-output">
        <float_array id="_320c98077e8bf41bd9906c4f1a54d429_mixamo.com_13936_0-output-array" count="2032">

0.802509 0.103229 -0.587642 0.065527 
-0.109610 0.993664 0.024866 0.513508 
0.586485 0.044457 0.808739 0.195064 
0.000000 0.000000 0.000000 1.000000 

0.803663 0.102189 -0.586245 0.065471 
-0.108518 0.993793 0.024466 0.513125 
0.585106 0.043955 0.809764 0.195134 
0.000000 0.000000 0.000000 1.000000 

0.804321 0.101085 -0.585533 0.065444 
-0.107379 0.993926 0.024086 0.512779 
0.584412 0.043501 0.810290 0.195156 
0.000000 0.000000 0.000000 1.000000 

0.804532 0.099942 -0.585440 0.065441 
-0.106217 0.994060 0.023733 0.512471 
0.584335 0.043090 0.810368 0.195134 
0.000000 0.000000 0.000000 1.000000 

0.804351 0.098790 -0.585884 0.065459 
-0.105052 0.994191 0.023413 0.512201 
0.584793 0.042716 0.810057 0.195073 
0.000000 0.000000 0.000000 1.000000 

0.803832 0.097632 -0.586789 0.065492 
-0.103885 0.994320 0.023128 0.511964 
0.585714 0.042368 0.809409 0.194977 
0.000000 0.000000 0.000000 1.000000 

0.803028 0.096497 -0.588076 0.065538 
-0.102739 0.994445 0.022885 0.511761 
0.587018 0.042042 0.808482 0.194850 
0.000000 0.000000 0.000000 1.000000 

0.802000 0.095410 -0.589655 0.065591 
-0.101635 0.994563 0.022691 0.511589 
0.588614 0.041732 0.807336 0.194698 
0.000000 0.000000 0.000000 1.000000 

0.800788 0.094378 -0.591466 0.065647 
-0.100573 0.994674 0.022550 0.511446 
0.590444 0.041428 0.806015 0.194524 
0.000000 0.000000 0.000000 1.000000 

0.799452 0.093427 -0.593420 0.065702 
-0.099575 0.994776 0.022469 0.511331 
0.592420 0.041127 0.804579 0.194333 
0.000000 0.000000 0.000000 1.000000 

0.798057 0.092582 -0.595427 0.065752 
-0.098660 0.994868 0.022455 0.511243 
0.594450 0.040824 0.803095 0.194130 
0.000000 0.000000 0.000000 1.000000 

0.796641 0.091852 -0.597433 0.065793 
-0.097831 0.994948 0.022516 0.511179 
0.596483 0.040511 0.801603 0.193919 
0.000000 0.000000 0.000000 1.000000 

0.795269 0.091263 -0.599348 0.065819 
-0.097109 0.995016 0.022657 0.511137 
0.598429 0.040184 0.800168 0.193703 
0.000000 0.000000 0.000000 1.000000 

0.794005 0.090835 -0.601086 0.065827 
-0.096511 0.995069 0.022886 0.511117 
0.600201 0.039840 0.798856 0.193490 
0.000000 0.000000 0.000000 1.000000 

0.792893 0.090584 -0.602591 0.065813 
-0.096044 0.995106 0.023212 0.511115 
0.601744 0.039471 0.797713 0.193280 
0.000000 0.000000 0.000000 1.000000 

0.791998 0.090531 -0.603775 0.065772 
-0.095727 0.995127 0.023642 0.511132 
0.602973 0.039073 0.796804 0.193080 
0.000000 0.000000 0.000000 1.000000 

0.791381 0.090695 -0.604558 0.065701 
-0.095574 0.995129 0.024180 0.511163 
0.603806 0.038644 0.796194 0.192896 
0.000000 0.000000 0.000000 1.000000 

0.791281 0.090954 -0.604650 0.065593 
-0.095560 0.995119 0.024634 0.511210 
0.603939 0.038288 0.796110 0.192729 
0.000000 0.000000 0.000000 1.000000 

0.791855 0.091170 -0.603866 0.065446 
-0.095644 0.995106 0.024819 0.511268 
0.603173 0.038103 0.796700 0.192586 
0.000000 0.000000 0.000000 1.000000 

0.793002 0.091346 -0.602331 0.065257 
-0.095811 0.995091 0.024769 0.511338 
0.601637 0.038068 0.797862 0.192470 
0.000000 0.000000 0.000000 1.000000 

0.794646 0.091488 -0.600140 0.065018 
-0.096046 0.995075 0.024519 0.511416 
0.599428 0.038157 0.799519 0.192386 
0.000000 0.000000 0.000000 1.000000 

0.796686 0.091597 -0.597412 0.064726 
-0.096332 0.995057 0.024100 0.511502 
0.596667 0.038350 0.801572 0.192339 
0.000000 0.000000 0.000000 1.000000 

0.799017 0.091678 -0.594278 0.064380 
-0.096652 0.995040 0.023551 0.511593 
0.593489 0.038620 0.803915 0.192333 
0.000000 0.000000 0.000000 1.000000 

0.801575 0.091734 -0.590814 0.063971 
-0.096994 0.995021 0.022900 0.511688 
0.589974 0.038950 0.806482 0.192372 
0.000000 0.000000 0.000000 1.000000 

0.804257 0.091770 -0.587153 0.063549 
-0.097341 0.995004 0.022183 0.511746 
0.586255 0.039313 0.809172 0.192455 
0.000000 0.000000 0.000000 1.000000 

0.806958 0.091787 -0.583432 0.063168 
-0.097674 0.994987 0.021439 0.511731 
0.582476 0.039686 0.811879 0.192574 
0.000000 0.000000 0.000000 1.000000 

0.809626 0.091789 -0.579724 0.062823 
-0.097985 0.994973 0.020694 0.511655 
0.578709 0.040050 0.814550 0.192724 
0.000000 0.000000 0.000000 1.000000 

0.812160 0.091779 -0.576171 0.062515 
-0.098257 0.994960 0.019987 0.511528 
0.575101 0.040380 0.817085 0.192899 
0.000000 0.000000 0.000000 1.000000 

0.814466 0.091758 -0.572910 0.062247 
-0.098475 0.994951 0.019358 0.511361 
0.571794 0.040651 0.819389 0.193091 
0.000000 0.000000 0.000000 1.000000 

0.816491 0.091729 -0.570025 0.062014 
-0.098629 0.994946 0.018833 0.511163 
0.568872 0.040844 0.821411 0.193297 
0.000000 0.000000 0.000000 1.000000 

0.818142 0.091693 -0.567659 0.061819 
-0.098705 0.994946 0.018452 0.510944 
0.566481 0.040934 0.823057 0.193510 
0.000000 0.000000 0.000000 1.000000 

0.819335 0.091653 -0.565941 0.061661 
-0.098691 0.994951 0.018251 0.510717 
0.564756 0.040900 0.824244 0.193724 
0.000000 0.000000 0.000000 1.000000 

0.820007 0.091610 -0.564975 0.061539 
-0.098573 0.994962 0.018262 0.510488 
0.563801 0.040716 0.824906 0.193934 
0.000000 0.000000 0.000000 1.000000 

0.820315 0.091517 -0.564542 0.061453 
-0.098409 0.994978 0.018301 0.510271 
0.563381 0.040544 0.825202 0.194134 
0.000000 0.000000 0.000000 1.000000 

0.820484 0.091334 -0.564326 0.061403 
-0.098264 0.994994 0.018168 0.510075 
0.563160 0.040546 0.825352 0.194317 
0.000000 0.000000 0.000000 1.000000 

0.820521 0.091067 -0.564316 0.061389 
-0.098135 0.995012 0.017882 0.509910 
0.563130 0.040707 0.825365 0.194479 
0.000000 0.000000 0.000000 1.000000 

0.820427 0.090726 -0.564507 0.061400 
-0.098020 0.995031 0.017460 0.509756 
0.563286 0.041008 0.825244 0.194611 
0.000000 0.000000 0.000000 1.000000 

0.820210 0.090321 -0.564887 0.061429 
-0.097918 0.995051 0.016926 0.509590 
0.563620 0.041429 0.824994 0.194707 
0.000000 0.000000 0.000000 1.000000 

0.819870 0.089858 -0.565454 0.061475 
-0.097824 0.995070 0.016292 0.509419 
0.564131 0.041957 0.824619 0.194771 
0.000000 0.000000 0.000000 1.000000 

0.819413 0.089347 -0.566197 0.061541 
-0.097738 0.995090 0.015580 0.509248 
0.564809 0.042572 0.824123 0.194801 
0.000000 0.000000 0.000000 1.000000 

0.818846 0.088801 -0.567102 0.061626 
-0.097657 0.995110 0.014813 0.509085 
0.565645 0.043252 0.823514 0.194800 
0.000000 0.000000 0.000000 1.000000 

0.818167 0.088220 -0.568173 0.061733 
-0.097579 0.995129 0.014000 0.508935 
0.566640 0.043987 0.822790 0.194768 
0.000000 0.000000 0.000000 1.000000 

0.817381 0.087618 -0.569395 0.061862 
-0.097502 0.995148 0.013166 0.508804 
0.567786 0.044756 0.821959 0.194706 
0.000000 0.000000 0.000000 1.000000 

0.816499 0.087007 -0.570753 0.062013 
-0.097424 0.995167 0.012333 0.508701 
0.569067 0.045535 0.821029 0.194615 
0.000000 0.000000 0.000000 1.000000 

0.815514 0.086387 -0.572253 0.062188 
-0.097342 0.995184 0.011511 0.508629 
0.570492 0.046317 0.819996 0.194495 
0.000000 0.000000 0.000000 1.000000 

0.814434 0.085773 -0.573882 0.062389 
-0.097254 0.995202 0.010724 0.508597 
0.572048 0.047078 0.818868 0.194348 
0.000000 0.000000 0.000000 1.000000 

0.813270 0.085176 -0.575619 0.062614 
-0.097158 0.995219 0.009994 0.508610 
0.573718 0.047798 0.817657 0.194176 
0.000000 0.000000 0.000000 1.000000 

0.812012 0.084598 -0.577477 0.062868 
-0.097050 0.995236 0.009332 0.508674 
0.575515 0.048467 0.816354 0.193977 
0.000000 0.000000 0.000000 1.000000 

0.810670 0.084052 -0.579438 0.063122 
-0.096929 0.995253 0.008760 0.508781 
0.577424 0.049063 0.814969 0.193764 
0.000000 0.000000 0.000000 1.000000 

0.809258 0.083551 -0.581482 0.063344 
-0.096792 0.995270 0.008300 0.508914 
0.579425 0.049565 0.813517 0.193553 
0.000000 0.000000 0.000000 1.000000 

0.807760 0.083098 -0.583625 0.063538 
-0.096634 0.995288 0.007966 0.509069 
0.581537 0.049964 0.811984 0.193346 
0.000000 0.000000 0.000000 1.000000 

0.806190 0.082705 -0.585848 0.063698 
-0.096454 0.995307 0.007778 0.509242 
0.583742 0.050236 0.810384 0.193146 
0.000000 0.000000 0.000000 1.000000 

0.804561 0.082384 -0.588128 0.063824 
-0.096248 0.995327 0.007756 0.509427 
0.586018 0.050366 0.808731 0.192959 
0.000000 0.000000 0.000000 1.000000 

0.802858 0.082142 -0.590484 0.063913 
-0.096012 0.995349 0.007918 0.509621 
0.588388 0.050337 0.807010 0.192787 
0.000000 0.000000 0.000000 1.000000 

0.801094 0.081989 -0.592897 0.063965 
-0.095743 0.995372 0.008282 0.509820 
0.590831 0.050131 0.805236 0.192635 
0.000000 0.000000 0.000000 1.000000 

0.799284 0.081937 -0.595341 0.063977 
-0.095439 0.995396 0.008864 0.510017 
0.593327 0.049734 0.803424 0.192507 
0.000000 0.000000 0.000000 1.000000 

0.797700 0.082037 -0.597448 0.063948 
-0.095169 0.995415 0.009615 0.510211 
0.595497 0.049189 0.801850 0.192405 
0.000000 0.000000 0.000000 1.000000 

0.796627 0.082323 -0.598840 0.063875 
-0.095010 0.995421 0.010451 0.510395 
0.596958 0.048570 0.800801 0.192335 
0.000000 0.000000 0.000000 1.000000 

0.796029 0.082771 -0.599572 0.063758 
-0.094954 0.995417 0.011352 0.510564 
0.597764 0.047895 0.800240 0.192300 
0.000000 0.000000 0.000000 1.000000 

0.795861 0.083370 -0.599712 0.063593 
-0.094996 0.995402 0.012311 0.510717 
0.597981 0.047172 0.800121 0.192304 
0.000000 0.000000 0.000000 1.000000 

0.796089 0.084096 -0.599308 0.063380 
-0.095131 0.995376 0.013306 0.510847 
0.597656 0.046420 0.800408 0.192351 
0.000000 0.000000 0.000000 1.000000 

0.796667 0.084926 -0.598423 0.063118 
-0.095351 0.995341 0.014315 0.510949 
0.596851 0.045656 0.801052 0.192443 
0.000000 0.000000 0.000000 1.000000 

0.797560 0.085850 -0.597100 0.062798 
-0.095655 0.995296 0.015333 0.511025 
0.595608 0.044886 0.802020 0.192572 
0.000000 0.000000 0.000000 1.000000 

0.798724 0.086844 -0.595398 0.062425 
-0.096034 0.995244 0.016336 0.511080 
0.593985 0.044130 0.803265 0.192720 
0.000000 0.000000 0.000000 1.000000 

0.800108 0.087884 -0.593383 0.062015 
-0.096480 0.995185 0.017302 0.511117 
0.592047 0.043406 0.804734 0.192884 
0.000000 0.000000 0.000000 1.000000 

0.801686 0.088964 -0.591088 0.061574 
-0.096991 0.995118 0.018226 0.511136 
0.589824 0.042719 0.806401 0.193063 
0.000000 0.000000 0.000000 1.000000 

0.803410 0.090059 -0.588577 0.061118 
-0.097560 0.995047 0.019083 0.511142 
0.587380 0.042090 0.808216 0.193254 
0.000000 0.000000 0.000000 1.000000 

0.805226 0.091143 -0.585922 0.060663 
-0.098174 0.994971 0.019854 0.511135 
0.584785 0.041536 0.810124 0.193453 
0.000000 0.000000 0.000000 1.000000 

0.807116 0.092214 -0.583147 0.060215 
-0.098835 0.994892 0.020529 0.511118 
0.582062 0.041066 0.812107 0.193659 
0.000000 0.000000 0.000000 1.000000 

0.809029 0.093245 -0.580325 0.059791 
-0.099531 0.994811 0.021088 0.511094 
0.579280 0.040699 0.814112 0.193868 
0.000000 0.000000 0.000000 1.000000 

0.810915 0.094215 -0.577529 0.059405 
-0.100250 0.994730 0.021512 0.511064 
0.576512 0.040453 0.816087 0.194078 
0.000000 0.000000 0.000000 1.000000 

0.812759 0.095116 -0.574783 0.059065 
-0.100993 0.994649 0.021789 0.511030 
0.573779 0.040339 0.818016 0.194287 
0.000000 0.000000 0.000000 1.000000 

0.814512 0.095927 -0.572161 0.058786 
-0.101748 0.994569 0.021901 0.510996 
0.571155 0.040378 0.819849 0.194492 
0.000000 0.000000 0.000000 1.000000 

0.816127 0.096626 -0.569738 0.058583 
-0.102503 0.994493 0.021831 0.510963 
0.568710 0.040583 0.821537 0.194688 
0.000000 0.000000 0.000000 1.000000 

0.817587 0.097203 -0.567541 0.058432 
-0.103259 0.994421 0.021563 0.510912 
0.566471 0.040974 0.823063 0.194866 
0.000000 0.000000 0.000000 1.000000 

0.818848 0.097638 -0.565646 0.058308 
-0.104002 0.994354 0.021081 0.510826 
0.564510 0.041566 0.824379 0.195014 
0.000000 0.000000 0.000000 1.000000 

0.819867 0.097911 -0.564120 0.058212 
-0.104723 0.994293 0.020375 0.510710 
0.562895 0.042371 0.825442 0.195132 
0.000000 0.000000 0.000000 1.000000 

0.820623 0.098009 -0.563003 0.058146 
-0.105421 0.994238 0.019419 0.510570 
0.561662 0.043416 0.826227 0.195223 
0.000000 0.000000 0.000000 1.000000 

0.821073 0.097909 -0.562364 0.058111 
-0.106085 0.994190 0.018203 0.510410 
0.560879 0.044713 0.826689 0.195288 
0.000000 0.000000 0.000000 1.000000 

0.821337 0.097732 -0.562010 0.058108 
-0.106677 0.994149 0.016979 0.510239 
0.560381 0.046009 0.826956 0.195328 
0.000000 0.000000 0.000000 1.000000 

0.821555 0.097600 -0.561713 0.058140 
-0.107175 0.994112 0.015978 0.510058 
0.559965 0.047075 0.827178 0.195345 
0.000000 0.000000 0.000000 1.000000 

0.821712 0.097505 -0.561500 0.058208 
-0.107576 0.994081 0.015194 0.509875 
0.559658 0.047919 0.827337 0.195339 
0.000000 0.000000 0.000000 1.000000 

0.821794 0.097438 -0.561391 0.058312 
-0.107880 0.994057 0.014614 0.509696 
0.559479 0.048553 0.827421 0.195313 
0.000000 0.000000 0.000000 1.000000 

0.821788 0.097390 -0.561409 0.058456 
-0.108092 0.994039 0.014215 0.509525 
0.559447 0.049002 0.827417 0.195266 
0.000000 0.000000 0.000000 1.000000 

0.821679 0.097351 -0.561575 0.058641 
-0.108212 0.994029 0.013987 0.509367 
0.559583 0.049276 0.827308 0.195201 
0.000000 0.000000 0.000000 1.000000 

0.821455 0.097315 -0.561909 0.058867 
-0.108241 0.994027 0.013913 0.509230 
0.559907 0.049393 0.827082 0.195120 
0.000000 0.000000 0.000000 1.000000 

0.821099 0.097270 -0.562437 0.059137 
-0.108181 0.994033 0.013978 0.509117 
0.560440 0.049368 0.826722 0.195022 
0.000000 0.000000 0.000000 1.000000 

0.820598 0.097209 -0.563178 0.059453 
-0.108033 0.994046 0.014166 0.509034 
0.561203 0.049218 0.826214 0.194909 
0.000000 0.000000 0.000000 1.000000 

0.819941 0.097123 -0.564149 0.059813 
-0.107800 0.994067 0.014460 0.508987 
0.562207 0.048959 0.825546 0.194784 
0.000000 0.000000 0.000000 1.000000 

0.819105 0.097004 -0.565382 0.060224 
-0.107479 0.994096 0.014847 0.508981 
0.563484 0.048605 0.824696 0.194646 
0.000000 0.000000 0.000000 1.000000 

0.818080 0.096842 -0.566892 0.060685 
-0.107073 0.994133 0.015311 0.509022 
0.565049 0.048174 0.823650 0.194498 
0.000000 0.000000 0.000000 1.000000 

0.816857 0.096631 -0.568689 0.061195 
-0.106586 0.994177 0.015831 0.509114 
0.566908 0.047683 0.822400 0.194341 
0.000000 0.000000 0.000000 1.000000 

0.815405 0.096361 -0.570815 0.061760 
-0.106013 0.994229 0.016399 0.509265 
0.569102 0.047142 0.820915 0.194175 
0.000000 0.000000 0.000000 1.000000 

0.813713 0.096022 -0.573280 0.062347 
-0.105358 0.994289 0.016994 0.509455 
0.571638 0.046571 0.819183 0.194010 
0.000000 0.000000 0.000000 1.000000 

0.811778 0.095611 -0.576086 0.062913 
-0.104626 0.994356 0.017598 0.509659 
0.574517 0.045988 0.817200 0.193857 
0.000000 0.000000 0.000000 1.000000 

0.809557 0.095113 -0.579284 0.063462 
-0.103810 0.994431 0.018200 0.509878 
0.577789 0.045401 0.814922 0.193713 
0.000000 0.000000 0.000000 1.000000 

0.807043 0.094522 -0.582879 0.063985 
-0.102914 0.994513 0.018781 0.510109 
0.581456 0.044829 0.812342 0.193581 
0.000000 0.000000 0.000000 1.000000 

0.804689 0.093955 -0.586215 0.064475 
-0.102056 0.994591 0.019316 0.510348 
0.584859 0.044283 0.809925 0.193461 
0.000000 0.000000 0.000000 1.000000 

0.802896 0.093520 -0.588737 0.064933 
-0.101334 0.994655 0.019805 0.510597 
0.587443 0.043758 0.808082 0.193355 
0.000000 0.000000 0.000000 1.000000 

0.801637 0.093213 -0.590500 0.065351 
-0.100749 0.994706 0.020247 0.510851 
0.589261 0.043261 0.806784 0.193261 
0.000000 0.000000 0.000000 1.000000 

0.800867 0.093028 -0.591572 0.065723 
-0.100299 0.994743 0.020645 0.511108 
0.590383 0.042800 0.805988 0.193183 
0.000000 0.000000 0.000000 1.000000 

0.800529 0.092953 -0.592041 0.066049 
-0.099973 0.994768 0.021005 0.511368 
0.590897 0.042373 0.805634 0.193119 
0.000000 0.000000 0.000000 1.000000 

0.800578 0.092984 -0.591971 0.066321 
-0.099770 0.994782 0.021328 0.511628 
0.590865 0.041986 0.805677 0.193071 
0.000000 0.000000 0.000000 1.000000 

0.800958 0.093112 -0.591436 0.066533 
-0.099684 0.994784 0.021615 0.511885 
0.590364 0.041644 0.806062 0.193040 
0.000000 0.000000 0.000000 1.000000 

0.801622 0.093332 -0.590501 0.066684 
-0.099710 0.994776 0.021870 0.512138 
0.589457 0.041347 0.806741 0.193025 
0.000000 0.000000 0.000000 1.000000 

0.802516 0.093635 -0.589237 0.066768 
-0.099842 0.994758 0.022094 0.512386 
0.588217 0.041100 0.807658 0.193028 
0.000000 0.000000 0.000000 1.000000 

0.803579 0.094012 -0.587727 0.066779 
-0.100074 0.994730 0.022288 0.512625 
0.586725 0.040906 0.808752 0.193050 
0.000000 0.000000 0.000000 1.000000 

0.804771 0.094462 -0.586020 0.066714 
-0.100403 0.994693 0.022455 0.512855 
0.585032 0.040767 0.809985 0.193091 
0.000000 0.000000 0.000000 1.000000 

0.806035 0.094975 -0.584198 0.066568 
-0.100822 0.994648 0.022597 0.513072 
0.583218 0.040686 0.811296 0.193152 
0.000000 0.000000 0.000000 1.000000 

0.807310 0.095542 -0.582343 0.066371 
-0.101323 0.994594 0.022713 0.513280 
0.581365 0.040668 0.812626 0.193230 
0.000000 0.000000 0.000000 1.000000 

0.808560 0.096162 -0.580503 0.066159 
-0.101905 0.994533 0.022808 0.513482 
0.579522 0.040714 0.813939 0.193325 
0.000000 0.000000 0.000000 1.000000 

0.809728 0.096825 -0.578763 0.065940 
-0.102560 0.994464 0.022882 0.513676 
0.577774 0.040830 0.815175 0.193433 
0.000000 0.000000 0.000000 1.000000 

0.810757 0.097521 -0.577203 0.065721 
-0.103279 0.994388 0.022938 0.513856 
0.576200 0.041016 0.816279 0.193553 
0.000000 0.000000 0.000000 1.000000 

0.811610 0.098252 -0.575878 0.065508 
-0.104064 0.994305 0.022978 0.514021 
0.574856 0.041279 0.817213 0.193683 
0.000000 0.000000 0.000000 1.000000 

0.812232 0.099005 -0.574871 0.065308 
-0.104905 0.994216 0.023005 0.514168 
0.573824 0.041621 0.817920 0.193822 
0.000000 0.000000 0.000000 1.000000 

0.812488 0.099721 -0.574386 0.065130 
-0.105739 0.994127 0.023023 0.514293 
0.573309 0.042029 0.818261 0.193967 
0.000000 0.000000 0.000000 1.000000 

0.812324 0.100359 -0.574506 0.064976 
-0.106516 0.994044 0.023038 0.514394 
0.573397 0.042479 0.818176 0.194117 
0.000000 0.000000 0.000000 1.000000 

0.811808 0.100918 -0.575137 0.064856 
-0.107225 0.993967 0.023059 0.514468 
0.573995 0.042950 0.817732 0.194271 
0.000000 0.000000 0.000000 1.000000 

0.811014 0.101399 -0.576173 0.064777 
-0.107859 0.993898 0.023092 0.514510 
0.574998 0.043418 0.817002 0.194424 
0.000000 0.000000 0.000000 1.000000 

0.809999 0.101814 -0.577526 0.064745 
-0.108420 0.993836 0.023144 0.514520 
0.576322 0.043869 0.816044 0.194579 
0.000000 0.000000 0.000000 1.000000 

0.808835 0.102162 -0.579093 0.064766 
-0.108898 0.993782 0.023220 0.514492 
0.577864 0.044281 0.814931 0.194731 
0.000000 0.000000 0.000000 1.000000 

0.807600 0.102449 -0.580764 0.064847 
-0.109286 0.993737 0.023327 0.514426 
0.579516 0.044631 0.813738 0.194878 
0.000000 0.000000 0.000000 1.000000 

0.806347 0.102682 -0.582460 0.064959 
-0.109585 0.993700 0.023472 0.514319 
0.581201 0.044902 0.812520 0.195002 
0.000000 0.000000 0.000000 1.000000 

0.805155 0.102864 -0.584076 0.065069 
-0.109785 0.993674 0.023660 0.514179 
0.582814 0.045073 0.811354 0.195085 
0.000000 0.000000 0.000000 1.000000 

0.804100 0.103000 -0.585504 0.065183 
-0.109882 0.993657 0.023894 0.514012 
0.584252 0.045123 0.810317 0.195127 
0.000000 0.000000 0.000000 1.000000 

0.803240 0.103096 -0.586666 0.065307 
-0.109872 0.993652 0.024185 0.513823 
0.585435 0.045031 0.809468 0.195131 
0.000000 0.000000 0.000000 1.000000 

0.802654 0.103158 -0.587456 0.065445 
-0.109748 0.993657 0.024537 0.513619 
0.586261 0.044778 0.808884 0.195098 
0.000000 0.000000 0.000000 1.000000</float_array>
        <technique_common>
          <accessor count="127" source="#_320c98077e8bf41bd9906c4f1a54d429_mixamo.com_13936_0-output-array" stride="16">
            <param name="TRANSFORM" type="float4x4" />
          </accessor>
        </technique_common>
      </source>
      <source id="_320c98077e8bf41bd9906c4f1a54d429_mixamo.com_13936_0-interpolation">
        <Name_array id="_320c98077e8bf41bd9906c4f1a54d429_mixamo.com_13936_0-interpolation-array" count="127">LINEAR LINEAR LINEAR LINEAR LINEAR LINEAR LINEAR LINEAR LINEAR LINEAR LINEAR LINEAR LINEAR LINEAR LINEAR LINEAR LINEAR LINEAR LINEAR LINEAR LINEAR LINEAR LINEAR LINEAR LINEAR LINEAR LINEAR LINEAR LINEAR LINEAR LINEAR LINEAR LINEAR LINEAR LINEAR LINEAR LINEAR LINEAR LINEAR LINEAR LINEAR LINEAR LINEAR LINEAR LINEAR LINEAR LINEAR LINEAR LINEAR LINEAR LINEAR LINEAR LINEAR LINEAR LINEAR LINEAR LINEAR LINEAR LINEAR LINEAR LINEAR LINEAR LINEAR LINEAR LINEAR LINEAR LINEAR LINEAR LINEAR LINEAR LINEAR LINEAR LINEAR LINEAR LINEAR LINEAR LINEAR LINEAR LINEAR LINEAR LINEAR LINEAR LINEAR LINEAR LINEAR LINEAR LINEAR LINEAR LINEAR LINEAR LINEAR LINEAR LINEAR LINEAR LINEAR LINEAR LINEAR LINEAR LINEAR LINEAR LINEAR LINEAR LINEAR LINEAR LINEAR LINEAR LINEAR LINEAR LINEAR LINEAR LINEAR LINEAR LINEAR LINEAR LINEAR LINEAR LINEAR LINEAR LINEAR LINEAR LINEAR LINEAR LINEAR LINEAR LINEAR LINEAR LINEAR </Name_array>
        <technique_common>
          <accessor count="127" source="#_320c98077e8bf41bd9906c4f1a54d429_mixamo.com_13936_0-interpolation-array">
            <param name="INTERPOLATION" type="name" />
          </accessor>
        </technique_common>
      </source>
      <sampler id="_320c98077e8bf41bd9906c4f1a54d429_mixamo.com_13936_0-sampler">
        <input semantic="INPUT" source="#_320c98077e8bf41bd9906c4f1a54d429_mixamo.com_13936_0-input" />
        <input semantic="OUTPUT" source="#_320c98077e8bf41bd9906c4f1a54d429_mixamo.com_13936_0-output" />
        <input semantic="INTERPOLATION" source="#_320c98077e8bf41bd9906c4f1a54d429_mixamo.com_13936_0-interpolation" />
      </sampler>
      <channel source="#_320c98077e8bf41bd9906c4f1a54d429_mixamo.com_13936_0-sampler" target="_13944/matrix" />
      <source id="_320c98077e8bf41bd9906c4f1a54d429_mixamo.com_13936_1-input">
        <float_array id="_320c98077e8bf41bd9906c4f1a54d429_mixamo.com_13936_1-input-array" count="127">0.000000 0.016600 0.033300 0.050000 0.066600 0.083300 0.100000 0.116600 0.133300 0.150000 0.166600 0.183300 0.200000 0.216600 0.233300 0.250000 0.266600 0.283300 0.300000 0.316600 0.333300 0.350000 0.366600 0.383300 0.400000 0.416600 0.433300 0.450000 0.466600 0.483300 0.500000 0.516600 0.533300 0.550000 0.566600 0.583300 0.600000 0.616600 0.633300 0.650000 0.666600 0.683300 0.700000 0.716600 0.733300 0.750000 0.766600 0.783300 0.800000 0.816600 0.833300 0.850000 0.866600 0.883300 0.900000 0.916600 0.933300 0.950000 0.966600 0.983300 1.000000 1.016600 1.033300 1.050000 1.066600 1.083300 1.100000 1.116600 1.133300 1.150000 1.166600 1.183300 1.200000 1.216600 1.233300 1.250000 1.266600 1.283300 1.300000 1.316600 1.333300 1.350000 1.366600 1.383300 1.400000 1.416600 1.433300 1.450000 1.466600 1.483300 1.500000 1.516600 1.533300 1.550000 1.566600 1.583300 1.600000 1.616600 1.633300 1.650000 1.666600 1.683300 1.700000 1.716600 1.733300 1.750000 1.766600 1.783300 1.800000 1.816600 1.833300 1.850000 1.866600 1.883300 1.900000 1.916600 1.933300 1.950000 1.966600 1.983300 2.000000 2.016600 2.033300 2.050000 2.066600 2.083300 2.100000</float_array>
        <technique_common>
          <accessor count="127" source="#_320c98077e8bf41bd9906c4f1a54d429_mixamo.com_13936_1-input-array">
            <param name="TIME" type="float" />
          </accessor>
        </technique_common>
      </source>
      <source id="_320c98077e8bf41bd9906c4f1a54d429_mixamo.com_13936_1-output">
        <float_array id="_320c98077e8bf41bd9906c4f1a54d429_mixamo.com_13936_1-output-array" count="2032">

-0.861290 0.457013 -0.222078 0.077531 
-0.387487 -0.308040 0.868887 -0.045693 
0.328684 0.834416 0.442398 0.002742 
0.000000 0.000000 0.000000 1.000000 

-0.861803 0.456317 -0.221517 0.077531 
-0.386036 -0.306734 0.869995 -0.045693 
0.329047 0.835278 0.440499 0.002742 
0.000000 0.000000 0.000000 1.000000 

-0.862136 0.456036 -0.220800 0.077531 
-0.384732 -0.305644 0.870955 -0.045693 
0.329701 0.835831 0.438958 0.002742 
0.000000 0.000000 0.000000 1.000000 

-0.862308 0.456117 -0.219959 0.077531 
-0.383577 -0.304763 0.871773 -0.045693 
0.330595 0.836108 0.437756 0.002742 
0.000000 0.000000 0.000000 1.000000 

-0.862342 0.456500 -0.219028 0.077531 
-0.382569 -0.304081 0.872454 -0.045693 
0.331673 0.836147 0.436865 0.002742 
0.000000 0.000000 0.000000 1.000000 

-0.862261 0.457132 -0.218027 0.077531 
-0.381688 -0.303575 0.873015 -0.045693 
0.332896 0.835986 0.436243 0.002742 
0.000000 0.000000 0.000000 1.000000 

-0.862087 0.457953 -0.216988 0.077531 
-0.380934 -0.303235 0.873463 -0.045693 
0.334207 0.835660 0.435865 0.002742 
0.000000 0.000000 0.000000 1.000000 

-0.861846 0.458900 -0.215946 0.077531 
-0.380302 -0.303046 0.873804 -0.045693 
0.335547 0.835209 0.435699 0.002742 
0.000000 0.000000 0.000000 1.000000 

-0.861556 0.459925 -0.214916 0.077531 
-0.379778 -0.302990 0.874051 -0.045693 
0.336881 0.834665 0.435712 0.002742 
0.000000 0.000000 0.000000 1.000000 

-0.861244 0.460967 -0.213934 0.077531 
-0.379359 -0.303052 0.874212 -0.045693 
0.338150 0.834067 0.435874 0.002742 
0.000000 0.000000 0.000000 1.000000 

-0.860935 0.461962 -0.213031 0.077531 
-0.379038 -0.303217 0.874294 -0.045693 
0.339296 0.833457 0.436151 0.002742 
0.000000 0.000000 0.000000 1.000000 

-0.860649 0.462864 -0.212227 0.077531 
-0.378804 -0.303470 0.874308 -0.045693 
0.340281 0.832864 0.436516 0.002742 
0.000000 0.000000 0.000000 1.000000 

-0.860412 0.463611 -0.211555 0.077531 
-0.378652 -0.303794 0.874261 -0.045693 
0.341048 0.832330 0.436935 0.002742 
0.000000 0.000000 0.000000 1.000000 

-0.860250 0.464144 -0.211047 0.077531 
-0.378574 -0.304172 0.874163 -0.045693 
0.341543 0.831896 0.437377 0.002742 
0.000000 0.000000 0.000000 1.000000 

-0.860185 0.464411 -0.210724 0.077531 
-0.378562 -0.304592 0.874022 -0.045693 
0.341721 0.831593 0.437814 0.002742 
0.000000 0.000000 0.000000 1.000000 

-0.860242 0.464353 -0.210619 0.077531 
-0.378607 -0.305037 0.873847 -0.045693 
0.341527 0.831462 0.438213 0.002742 
0.000000 0.000000 0.000000 1.000000 

-0.860443 0.463916 -0.210761 0.077531 
-0.378702 -0.305488 0.873648 -0.045693 
0.340914 0.831540 0.438541 0.002742 
0.000000 0.000000 0.000000 1.000000 

-0.860813 0.463038 -0.211178 0.077531 
-0.378839 -0.305936 0.873432 -0.045693 
0.339825 0.831865 0.438771 0.002742 
0.000000 0.000000 0.000000 1.000000 

-0.861295 0.461871 -0.211768 0.077531 
-0.378925 -0.306211 0.873299 -0.045693 
0.338506 0.832412 0.438753 0.002742 
0.000000 0.000000 0.000000 1.000000 

-0.861807 0.460627 -0.212395 0.077531 
-0.378885 -0.306181 0.873326 -0.045693 
0.337247 0.833112 0.438394 0.002742 
0.000000 0.000000 0.000000 1.000000 

-0.862346 0.459309 -0.213059 0.077531 
-0.378735 -0.305883 0.873496 -0.045693 
0.336033 0.833949 0.437733 0.002742 
0.000000 0.000000 0.000000 1.000000 

-0.862904 0.457941 -0.213747 0.077531 
-0.378492 -0.305351 0.873787 -0.045693 
0.334875 0.834896 0.436816 0.002742 
0.000000 0.000000 0.000000 1.000000 

-0.863468 0.456549 -0.214444 0.077531 
-0.378173 -0.304629 0.874178 -0.045693 
0.333779 0.835921 0.435692 0.002742 
0.000000 0.000000 0.000000 1.000000 

-0.864039 0.455134 -0.215151 0.077531 
-0.377791 -0.303743 0.874651 -0.045693 
0.332733 0.837014 0.434391 0.002742 
0.000000 0.000000 0.000000 1.000000 

-0.864606 0.453723 -0.215854 0.077531 
-0.377363 -0.302735 0.875185 -0.045693 
0.331745 0.838145 0.432964 0.002742 
0.000000 0.000000 0.000000 1.000000 

-0.865157 0.452342 -0.216541 0.077531 
-0.376908 -0.301647 0.875756 -0.045693 
0.330822 0.839283 0.431463 0.002742 
0.000000 0.000000 0.000000 1.000000 

-0.865694 0.450992 -0.217212 0.077531 
-0.376437 -0.300504 0.876352 -0.045693 
0.329954 0.840419 0.429914 0.002742 
0.000000 0.000000 0.000000 1.000000 

-0.866204 0.449700 -0.217854 0.077531 
-0.375968 -0.299350 0.876948 -0.045693 
0.329149 0.841522 0.428371 0.002742 
0.000000 0.000000 0.000000 1.000000 

-0.866678 0.448492 -0.218457 0.077531 
-0.375518 -0.298228 0.877523 -0.045693 
0.328412 0.842565 0.426884 0.002742 
0.000000 0.000000 0.000000 1.000000 

-0.867116 0.447371 -0.219018 0.077531 
-0.375098 -0.297162 0.878064 -0.045693 
0.327737 0.843536 0.425482 0.002742 
0.000000 0.000000 0.000000 1.000000 

-0.867506 0.446364 -0.219528 0.077531 
-0.374727 -0.296197 0.878548 -0.045693 
0.327129 0.844409 0.424218 0.002742 
0.000000 0.000000 0.000000 1.000000 

-0.867840 0.445494 -0.219975 0.077531 
-0.374420 -0.295376 0.878955 -0.045693 
0.326595 0.845155 0.423141 0.002742 
0.000000 0.000000 0.000000 1.000000 

-0.868114 0.444770 -0.220359 0.077531 
-0.374191 -0.294726 0.879271 -0.045693 
0.326128 0.845764 0.422284 0.002742 
0.000000 0.000000 0.000000 1.000000 

-0.868320 0.444215 -0.220668 0.077531 
-0.374055 -0.294290 0.879475 -0.045693 
0.325735 0.846207 0.421698 0.002742 
0.000000 0.000000 0.000000 1.000000 

-0.868469 0.443809 -0.220896 0.077531 
-0.373919 -0.293866 0.879674 -0.045693 
0.325494 0.846567 0.421163 0.002742 
0.000000 0.000000 0.000000 1.000000 

-0.868581 0.443512 -0.221051 0.077531 
-0.373686 -0.293242 0.879981 -0.045693 
0.325461 0.846939 0.420439 0.002742 
0.000000 0.000000 0.000000 1.000000 

-0.868656 0.443322 -0.221138 0.077531 
-0.373375 -0.292452 0.880377 -0.045693 
0.325618 0.847312 0.419566 0.002742 
0.000000 0.000000 0.000000 1.000000 

-0.868694 0.443234 -0.221165 0.077531 
-0.373006 -0.291534 0.880837 -0.045693 
0.325940 0.847674 0.418583 0.002742 
0.000000 0.000000 0.000000 1.000000 

-0.868696 0.443243 -0.221140 0.077531 
-0.372591 -0.290511 0.881351 -0.045693 
0.326409 0.848021 0.417514 0.002742 
0.000000 0.000000 0.000000 1.000000 

-0.868661 0.443346 -0.221069 0.077531 
-0.372151 -0.289421 0.881895 -0.045693 
0.327003 0.848340 0.416400 0.002742 
0.000000 0.000000 0.000000 1.000000 

-0.868591 0.443537 -0.220963 0.077531 
-0.371707 -0.288303 0.882449 -0.045693 
0.327694 0.848620 0.415283 0.002742 
0.000000 0.000000 0.000000 1.000000 

-0.868484 0.443814 -0.220826 0.077531 
-0.371270 -0.287178 0.882999 -0.045693 
0.328471 0.848857 0.414184 0.002742 
0.000000 0.000000 0.000000 1.000000 

-0.868342 0.444172 -0.220667 0.077531 
-0.370862 -0.286085 0.883525 -0.045693 
0.329307 0.849039 0.413146 0.002742 
0.000000 0.000000 0.000000 1.000000 

-0.868165 0.444603 -0.220494 0.077531 
-0.370503 -0.285063 0.884006 -0.045693 
0.330177 0.849157 0.412209 0.002742 
0.000000 0.000000 0.000000 1.000000 

-0.867952 0.445108 -0.220313 0.077531 
-0.370207 -0.284135 0.884429 -0.045693 
0.331068 0.849203 0.411397 0.002742 
0.000000 0.000000 0.000000 1.000000 

-0.867704 0.445681 -0.220132 0.077531 
-0.369994 -0.283337 0.884774 -0.045693 
0.331955 0.849169 0.410752 0.002742 
0.000000 0.000000 0.000000 1.000000 

-0.867423 0.446313 -0.219960 0.077531 
-0.369883 -0.282708 0.885021 -0.045693 
0.332812 0.849047 0.410311 0.002742 
0.000000 0.000000 0.000000 1.000000 

-0.867106 0.447006 -0.219801 0.077531 
-0.369892 -0.282273 0.885156 -0.045693 
0.333626 0.848827 0.410105 0.002742 
0.000000 0.000000 0.000000 1.000000 

-0.866755 0.447754 -0.219663 0.077531 
-0.370041 -0.282070 0.885159 -0.045693 
0.334373 0.848500 0.410173 0.002742 
0.000000 0.000000 0.000000 1.000000 

-0.866373 0.448546 -0.219555 0.077531 
-0.370345 -0.282130 0.885013 -0.045693 
0.335026 0.848062 0.410546 0.002742 
0.000000 0.000000 0.000000 1.000000 

-0.865955 0.449387 -0.219481 0.077531 
-0.370827 -0.282485 0.884697 -0.045693 
0.335572 0.847498 0.411265 0.002742 
0.000000 0.000000 0.000000 1.000000 

-0.865505 0.450270 -0.219450 0.077531 
-0.371505 -0.283170 0.884194 -0.045693 
0.335984 0.846801 0.412363 0.002742 
0.000000 0.000000 0.000000 1.000000 

-0.865025 0.451182 -0.219466 0.077531 
-0.372389 -0.284210 0.883488 -0.045693 
0.336240 0.845966 0.413865 0.002742 
0.000000 0.000000 0.000000 1.000000 

-0.864511 0.452133 -0.219537 0.077531 
-0.373511 -0.285649 0.882550 -0.045693 
0.336319 0.844974 0.415823 0.002742 
0.000000 0.000000 0.000000 1.000000 

-0.863965 0.453111 -0.219670 0.077531 
-0.374881 -0.287513 0.881363 -0.045693 
0.336197 0.843817 0.418264 0.002742 
0.000000 0.000000 0.000000 1.000000 

-0.863455 0.453943 -0.219957 0.077531 
-0.376384 -0.289490 0.880074 -0.045693 
0.335828 0.842692 0.420819 0.002742 
0.000000 0.000000 0.000000 1.000000 

-0.863032 0.454496 -0.220473 0.077531 
-0.377909 -0.291289 0.878826 -0.045693 
0.335202 0.841774 0.423150 0.002742 
0.000000 0.000000 0.000000 1.000000 

-0.862692 0.454796 -0.221185 0.077531 
-0.379430 -0.292903 0.877634 -0.045693 
0.334359 0.841052 0.425249 0.002742 
0.000000 0.000000 0.000000 1.000000 

-0.862426 0.454877 -0.222055 0.077531 
-0.380923 -0.294331 0.876509 -0.045693 
0.333346 0.840510 0.427112 0.002742 
0.000000 0.000000 0.000000 1.000000 

-0.862223 0.454771 -0.223060 0.077531 
-0.382390 -0.295597 0.875443 -0.045693 
0.332190 0.840123 0.428770 0.002742 
0.000000 0.000000 0.000000 1.000000 

-0.862075 0.454509 -0.224163 0.077531 
-0.383808 -0.296698 0.874449 -0.045693 
0.330936 0.839876 0.430220 0.002742 
0.000000 0.000000 0.000000 1.000000 

-0.861973 0.454127 -0.225324 0.077531 
-0.385154 -0.297634 0.873539 -0.045693 
0.329634 0.839752 0.431461 0.002742 
0.000000 0.000000 0.000000 1.000000 

-0.861910 0.453651 -0.226522 0.077531 
-0.386429 -0.298423 0.872706 -0.045693 
0.328305 0.839729 0.432518 0.002742 
0.000000 0.000000 0.000000 1.000000 

-0.861876 0.453116 -0.227718 0.077531 
-0.387612 -0.299065 0.871962 -0.045693 
0.326998 0.839789 0.433390 0.002742 
0.000000 0.000000 0.000000 1.000000 

-0.861864 0.452558 -0.228872 0.077531 
-0.388680 -0.299562 0.871315 -0.045693 
0.325759 0.839913 0.434082 0.002742 
0.000000 0.000000 0.000000 1.000000 

-0.861866 0.452000 -0.229964 0.077531 
-0.389632 -0.299925 0.870765 -0.045693 
0.324614 0.840083 0.434610 0.002742 
0.000000 0.000000 0.000000 1.000000 

-0.861874 0.451480 -0.230953 0.077531 
-0.390449 -0.300158 0.870319 -0.045693 
0.323609 0.840281 0.434978 0.002742 
0.000000 0.000000 0.000000 1.000000 

-0.861881 0.451031 -0.231800 0.077531 
-0.391111 -0.300263 0.869985 -0.045693 
0.322789 0.840484 0.435194 0.002742 
0.000000 0.000000 0.000000 1.000000 

-0.861881 0.450681 -0.232484 0.077531 
-0.391611 -0.300248 0.869765 -0.045693 
0.322183 0.840677 0.435270 0.002742 
0.000000 0.000000 0.000000 1.000000 

-0.861864 0.450464 -0.232964 0.077531 
-0.391932 -0.300117 0.869666 -0.045693 
0.321837 0.840840 0.435212 0.002742 
0.000000 0.000000 0.000000 1.000000 

-0.861825 0.450414 -0.233206 0.077531 
-0.392058 -0.299876 0.869692 -0.045693 
0.321789 0.840953 0.435029 0.002742 
0.000000 0.000000 0.000000 1.000000 

-0.861755 0.450561 -0.233180 0.077531 
-0.391976 -0.299528 0.869849 -0.045693 
0.322077 0.840998 0.434729 0.002742 
0.000000 0.000000 0.000000 1.000000 

-0.861646 0.450940 -0.232851 0.077531 
-0.391669 -0.299079 0.870142 -0.045693 
0.322741 0.840955 0.434319 0.002742 
0.000000 0.000000 0.000000 1.000000 

-0.861490 0.451578 -0.232189 0.077531 
-0.391125 -0.298537 0.870572 -0.045693 
0.323814 0.840805 0.433811 0.002742 
0.000000 0.000000 0.000000 1.000000 

-0.861333 0.452220 -0.231524 0.077531 
-0.390529 -0.297869 0.871069 -0.045693 
0.324951 0.840697 0.433169 0.002742 
0.000000 0.000000 0.000000 1.000000 

-0.861226 0.452596 -0.231187 0.077531 
-0.390071 -0.297059 0.871551 -0.045693 
0.325784 0.840781 0.432379 0.002742 
0.000000 0.000000 0.000000 1.000000 

-0.861165 0.452740 -0.231132 0.077531 
-0.389733 -0.296139 0.872015 -0.045693 
0.326349 0.841028 0.431472 0.002742 
0.000000 0.000000 0.000000 1.000000 

-0.861144 0.452689 -0.231309 0.077531 
-0.389491 -0.295122 0.872468 -0.045693 
0.326692 0.841413 0.430461 0.002742 
0.000000 0.000000 0.000000 1.000000 

-0.861160 0.452473 -0.231670 0.077531 
-0.389325 -0.294039 0.872907 -0.045693 
0.326847 0.841908 0.429374 0.002742 
0.000000 0.000000 0.000000 1.000000 

-0.861207 0.452132 -0.232164 0.077531 
-0.389216 -0.292923 0.873331 -0.045693 
0.326854 0.842481 0.428244 0.002742 
0.000000 0.000000 0.000000 1.000000 

-0.861279 0.451693 -0.232749 0.077531 
-0.389142 -0.291784 0.873745 -0.045693 
0.326752 0.843111 0.427080 0.002742 
0.000000 0.000000 0.000000 1.000000 

-0.861372 0.451193 -0.233374 0.077531 
-0.389083 -0.290656 0.874147 -0.045693 
0.326578 0.843768 0.425914 0.002742 
0.000000 0.000000 0.000000 1.000000 

-0.861479 0.450670 -0.233987 0.077531 
-0.389018 -0.289569 0.874537 -0.045693 
0.326372 0.844420 0.424777 0.002742 
0.000000 0.000000 0.000000 1.000000 

-0.861597 0.450153 -0.234548 0.077531 
-0.388925 -0.288538 0.874919 -0.045693 
0.326172 0.845049 0.423679 0.002742 
0.000000 0.000000 0.000000 1.000000 

-0.861720 0.449679 -0.235005 0.077531 
-0.388783 -0.287592 0.875293 -0.045693 
0.326015 0.845624 0.422652 0.002742 
0.000000 0.000000 0.000000 1.000000 

-0.861842 0.449285 -0.235309 0.077531 
-0.388574 -0.286764 0.875658 -0.045693 
0.325942 0.846114 0.421726 0.002742 
0.000000 0.000000 0.000000 1.000000 

-0.861961 0.449002 -0.235417 0.077531 
-0.388272 -0.286068 0.876019 -0.045693 
0.325989 0.846500 0.420914 0.002742 
0.000000 0.000000 0.000000 1.000000 

-0.862069 0.448867 -0.235278 0.077531 
-0.387857 -0.285535 0.876377 -0.045693 
0.326197 0.846751 0.420247 0.002742 
0.000000 0.000000 0.000000 1.000000 

-0.862161 0.448915 -0.234849 0.077531 
-0.387313 -0.285193 0.876729 -0.045693 
0.326600 0.846841 0.419753 0.002742 
0.000000 0.000000 0.000000 1.000000 

-0.862233 0.449180 -0.234076 0.077531 
-0.386610 -0.285063 0.877081 -0.045693 
0.327241 0.846744 0.419449 0.002742 
0.000000 0.000000 0.000000 1.000000 

-0.862278 0.449698 -0.232913 0.077531 
-0.385731 -0.285174 0.877432 -0.045693 
0.328159 0.846432 0.419362 0.002742 
0.000000 0.000000 0.000000 1.000000 

-0.862289 0.450497 -0.231323 0.077531 
-0.384662 -0.285549 0.877780 -0.045693 
0.329383 0.845881 0.419515 0.002742 
0.000000 0.000000 0.000000 1.000000 

-0.862259 0.451619 -0.229238 0.077531 
-0.383368 -0.286219 0.878128 -0.045693 
0.330967 0.845056 0.419931 0.002742 
0.000000 0.000000 0.000000 1.000000 

-0.862178 0.453092 -0.226618 0.077531 
-0.381835 -0.287209 0.878472 -0.045693 
