<?xml version="1.0" encoding="utf-8"?>
<COLLADA xmlns:xsi="http://www.w3.org/2001/XMLSchema-instance" xmlns:xsd="http://www.w3.org/2001/XMLSchema" version="1.4.1" xmlns="http://www.collada.org/2005/11/COLLADASchema">
  <asset>
    <contributor>
      <author />
      <authoring_tool>Unity3D 2017.3.1f1 - COLLADA exporter v1.6.4</authoring_tool>
      <comments />
      <copyright />
      <source_data />
    </contributor>
    <created>2018-03-19T06:15:49.344395-04:00</created>
    <modified>2018-03-19T06:15:49.344396-04:00</modified>
    <unit meter="1" name="meter" />
    <up_axis>Y_UP</up_axis>
  </asset>
  <library_animations>
    <animation>
      <source id="_ce7e28cfc0327469a83ab017127952ef_mixamo.com_0-input">
        <float_array id="_ce7e28cfc0327469a83ab017127952ef_mixamo.com_0-input-array" count="273">0.000000 0.016600 0.033300 0.050000 0.066600 0.083300 0.100000 0.116600 0.133300 0.150000 0.166600 0.183300 0.200000 0.216600 0.233300 0.250000 0.266600 0.283300 0.300000 0.316600 0.333300 0.350000 0.366600 0.383300 0.400000 0.416600 0.433300 0.450000 0.466600 0.483300 0.500000 0.516600 0.533300 0.550000 0.566600 0.583300 0.600000 0.616600 0.633300 0.650000 0.666600 0.683300 0.700000 0.716600 0.733300 0.750000 0.766600 0.783300 0.800000 0.816600 0.833300 0.850000 0.866600 0.883300 0.900000 0.916600 0.933300 0.950000 0.966600 0.983300 1.000000 1.016600 1.033300 1.050000 1.066600 1.083300 1.100000 1.116600 1.133300 1.150000 1.166600 1.183300 1.200000 1.216600 1.233300 1.250000 1.266600 1.283300 1.300000 1.316600 1.333300 1.350000 1.366600 1.383300 1.400000 1.416600 1.433300 1.450000 1.466600 1.483300 1.500000 1.516600 1.533300 1.550000 1.566600 1.583300 1.600000 1.616600 1.633300 1.650000 1.666600 1.683300 1.700000 1.716600 1.733300 1.750000 1.766600 1.783300 1.800000 1.816600 1.833300 1.850000 1.866600 1.883300 1.900000 1.916600 1.933300 1.950000 1.966600 1.983300 2.000000 2.016600 2.033300 2.050000 2.066600 2.083300 2.100000 2.116600 2.133300 2.150000 2.166600 2.183300 2.200000 2.216600 2.233300 2.250000 2.266600 2.283300 2.300000 2.316600 2.333300 2.350000 2.366600 2.383300 2.400000 2.416600 2.433300 2.450000 2.466600 2.483300 2.500000 2.516600 2.533300 2.550000 2.566600 2.583300 2.600000 2.616600 2.633300 2.650000 2.666600 2.683300 2.700000 2.716600 2.733300 2.750000 2.766600 2.783300 2.800000 2.816600 2.833300 2.850000 2.866600 2.883300 2.900000 2.916600 2.933300 2.950000 2.966600 2.983300 3.000000 3.016600 3.033300 3.050000 3.066600 3.083300 3.100000 3.116600 3.133300 3.150000 3.166600 3.183300 3.200000 3.216600 3.233300 3.250000 3.266600 3.283300 3.300000 3.316600 3.333300 3.350000 3.366600 3.383300 3.400000 3.416600 3.433300 3.450000 3.466600 3.483300 3.500000 3.516600 3.533300 3.550000 3.566600 3.583300 3.600000 3.616600 3.633300 3.650000 3.666600 3.683300 3.700000 3.716600 3.733300 3.750000 3.766600 3.783300 3.800000 3.816600 3.833300 3.850000 3.866600 3.883300 3.900000 3.916600 3.933300 3.950000 3.966600 3.983300 4.000000 4.016600 4.033300 4.050000 4.066600 4.083300 4.100000 4.116600 4.133300 4.150000 4.166600 4.183300 4.200000 4.216600 4.233300 4.250000 4.266600 4.283300 4.300000 4.316600 4.333300 4.350000 4.366600 4.383300 4.400000 4.416600 4.433300 4.450000 4.466600 4.483300 4.500000 4.516600 4.533300</float_array>
        <technique_common>
          <accessor count="273" source="#_ce7e28cfc0327469a83ab017127952ef_mixamo.com_0-input-array">
            <param name="TIME" type="float" />
          </accessor>
        </technique_common>
      </source>
      <source id="_ce7e28cfc0327469a83ab017127952ef_mixamo.com_0-output">
        <float_array id="_ce7e28cfc0327469a83ab017127952ef_mixamo.com_0-output-array" count="4368">

0.996461 -0.006444 -0.083805 -0.044700 
0.000134 0.997178 -0.075074 0.695392 
0.084053 0.074797 0.993650 -0.059443 
0.000000 0.000000 0.000000 1.000000 

0.995885 -0.010574 -0.090011 -0.043385 
0.003621 0.997020 -0.077058 0.697133 
0.090557 0.076415 0.992955 -0.049984 
0.000000 0.000000 0.000000 1.000000 

0.995399 -0.014659 -0.094688 -0.041992 
0.007065 0.996767 -0.080040 0.698756 
0.095555 0.079003 0.992284 -0.040653 
0.000000 0.000000 0.000000 1.000000 

0.995011 -0.018543 -0.098026 -0.040569 
0.010335 0.996447 -0.083582 0.700162 
0.099228 0.082152 0.991668 -0.031358 
0.000000 0.000000 0.000000 1.000000 

0.994717 -0.022072 -0.100250 -0.039168 
0.013311 0.996099 -0.087235 0.701259 
0.101785 0.085440 0.991131 -0.022008 
0.000000 0.000000 0.000000 1.000000 

0.994505 -0.025152 -0.101626 -0.037812 
0.015924 0.995758 -0.090620 0.701973 
0.103474 0.088503 0.990687 -0.012341 
0.000000 0.000000 0.000000 1.000000 

0.994362 -0.027627 -0.102378 -0.036519 
0.018053 0.995475 -0.093290 0.702224 
0.104492 0.090915 0.990361 -0.002281 
0.000000 0.000000 0.000000 1.000000 

0.994274 -0.029354 -0.102750 -0.034968 
0.019585 0.995302 -0.094820 0.701822 
0.105050 0.092264 0.990178 0.008394 
0.000000 0.000000 0.000000 1.000000 

0.994223 -0.030222 -0.102987 -0.033064 
0.020433 0.995286 -0.094810 0.700769 
0.105367 0.092158 0.990154 0.019889 
0.000000 0.000000 0.000000 1.000000 

0.994192 -0.030087 -0.103328 -0.030791 
0.020478 0.995471 -0.092829 0.699107 
0.105653 0.090174 0.990306 0.032222 
0.000000 0.000000 0.000000 1.000000 

0.994053 -0.029820 -0.104731 -0.028141 
0.020337 0.995691 -0.090476 0.696893 
0.106978 0.087808 0.990376 0.045389 
0.000000 0.000000 0.000000 1.000000 

0.993715 -0.030357 -0.107741 -0.025243 
0.020735 0.995786 -0.089329 0.694525 
0.109999 0.086534 0.990158 0.059349 
0.000000 0.000000 0.000000 1.000000 

0.993213 -0.031669 -0.111919 -0.022253 
0.021722 0.995794 -0.089009 0.692459 
0.114267 0.085974 0.989723 0.073809 
0.000000 0.000000 0.000000 1.000000 

0.992583 -0.033712 -0.116797 -0.019138 
0.023333 0.995748 -0.089118 0.690758 
0.119305 0.085732 0.989149 0.088740 
0.000000 0.000000 0.000000 1.000000 

0.991859 -0.036476 -0.122001 -0.015695 
0.025637 0.995678 -0.089264 0.689305 
0.124730 0.085409 0.988508 0.104500 
0.000000 0.000000 0.000000 1.000000 

0.991090 -0.039914 -0.127069 -0.011895 
0.028679 0.995614 -0.089049 0.687928 
0.130066 0.084612 0.987889 0.120991 
0.000000 0.000000 0.000000 1.000000 

0.990335 -0.043961 -0.131548 -0.007892 
0.032493 0.995583 -0.088086 0.686567 
0.134839 0.082960 0.987388 0.137881 
0.000000 0.000000 0.000000 1.000000 

0.989642 -0.048622 -0.135070 -0.003767 
0.037182 0.995604 -0.085961 0.685135 
0.138656 0.080048 0.987100 0.155147 
0.000000 0.000000 0.000000 1.000000 

0.989081 -0.053837 -0.137189 0.000329 
0.042785 0.995691 -0.082268 0.683573 
0.141027 0.075500 0.987123 0.172461 
0.000000 0.000000 0.000000 1.000000 

0.988602 -0.060002 -0.138080 0.004315 
0.049772 0.995836 -0.076383 0.681910 
0.142089 0.068640 0.987471 0.189445 
0.000000 0.000000 0.000000 1.000000 

0.988050 -0.067570 -0.138531 0.008261 
0.058487 0.995927 -0.068627 0.680251 
0.142604 0.059705 0.987977 0.205863 
0.000000 0.000000 0.000000 1.000000 

0.987341 -0.076377 -0.139014 0.012131 
0.068556 0.995828 -0.060217 0.678700 
0.143033 0.049924 0.988458 0.221144 
0.000000 0.000000 0.000000 1.000000 

0.986393 -0.086224 -0.139982 0.015834 
0.079580 0.995450 -0.052396 0.676943 
0.143863 0.040543 0.988767 0.234858 
0.000000 0.000000 0.000000 1.000000 

0.985112 -0.097086 -0.141879 0.019271 
0.091370 0.994741 -0.046277 0.674869 
0.145626 0.032624 0.988802 0.247439 
0.000000 0.000000 0.000000 1.000000 

0.983420 -0.108763 -0.145103 0.022288 
0.103534 0.993690 -0.043133 0.672938 
0.148879 0.027395 0.988476 0.259268 
0.000000 0.000000 0.000000 1.000000 

0.981974 -0.118540 -0.147226 0.024741 
0.113587 0.992655 -0.041633 0.671607 
0.151080 0.024159 0.988226 0.270743 
0.000000 0.000000 0.000000 1.000000 

0.981451 -0.124384 -0.145883 0.026622 
0.119842 0.992005 -0.039556 0.671304 
0.149636 0.021339 0.988511 0.282391 
0.000000 0.000000 0.000000 1.000000 

0.981780 -0.126864 -0.141470 0.028062 
0.122836 0.991741 -0.036888 0.672000 
0.144981 0.018838 0.989255 0.294179 
0.000000 0.000000 0.000000 1.000000 

0.982797 -0.126620 -0.134451 0.029203 
0.123177 0.991814 -0.033658 0.673401 
0.137612 0.016517 0.990348 0.305968 
0.000000 0.000000 0.000000 1.000000 

0.984324 -0.124271 -0.125153 0.030204 
0.121464 0.992147 -0.029852 0.675244 
0.127880 0.014182 0.991688 0.317836 
0.000000 0.000000 0.000000 1.000000 

0.986151 -0.120438 -0.114023 0.031206 
0.118281 0.992652 -0.025516 0.677240 
0.116258 0.011676 0.993150 0.329644 
0.000000 0.000000 0.000000 1.000000 

0.988070 -0.115774 -0.101558 0.032277 
0.114252 0.993236 -0.020703 0.679256 
0.103268 0.008853 0.994614 0.341217 
0.000000 0.000000 0.000000 1.000000 

0.989930 -0.110853 -0.088032 0.033397 
0.109923 0.993821 -0.015362 0.681356 
0.089192 0.005531 0.995999 0.352631 
0.000000 0.000000 0.000000 1.000000 

0.991577 -0.106334 -0.073951 0.034538 
0.105920 0.994329 -0.009511 0.683493 
0.074543 0.001598 0.997217 0.363823 
0.000000 0.000000 0.000000 1.000000 

0.992896 -0.102020 -0.061225 0.035675 
0.101934 0.994781 -0.004532 0.685618 
0.061367 -0.001741 0.998114 0.374732 
0.000000 0.000000 0.000000 1.000000 

0.993946 -0.097284 -0.051055 0.036803 
0.097329 0.995251 -0.001612 0.687719 
0.050970 -0.003367 0.998695 0.385494 
0.000000 0.000000 0.000000 1.000000 

0.994795 -0.092271 -0.043237 0.037895 
0.092332 0.995728 -0.000590 0.689749 
0.043107 -0.003405 0.999065 0.396048 
0.000000 0.000000 0.000000 1.000000 

0.995489 -0.087151 -0.037505 0.038926 
0.087166 0.996193 -0.001258 0.691659 
0.037472 -0.002017 0.999296 0.406337 
0.000000 0.000000 0.000000 1.000000 

0.996069 -0.082009 -0.033495 0.039889 
0.081940 0.996631 -0.003424 0.693435 
0.033663 0.000666 0.999433 0.416490 
0.000000 0.000000 0.000000 1.000000 

0.996548 -0.077029 -0.030949 0.040758 
0.076852 0.997019 -0.006888 0.695030 
0.031387 0.004486 0.999497 0.426448 
0.000000 0.000000 0.000000 1.000000 

0.996937 -0.072399 -0.029569 0.041510 
0.072089 0.997333 -0.011424 0.696400 
0.030317 0.009257 0.999497 0.436160 
0.000000 0.000000 0.000000 1.000000 

0.997248 -0.068224 -0.029031 0.042259 
0.067753 0.997559 -0.016893 0.697500 
0.030112 0.014880 0.999436 0.445767 
0.000000 0.000000 0.000000 1.000000 

0.997483 -0.064692 -0.029035 0.043063 
0.064033 0.997681 -0.023081 0.698220 
0.030461 0.021164 0.999312 0.455421 
0.000000 0.000000 0.000000 1.000000 

0.997648 -0.061978 -0.029263 0.043830 
0.061107 0.997687 -0.029760 0.698466 
0.031040 0.027902 0.999129 0.465344 
0.000000 0.000000 0.000000 1.000000 

0.997748 -0.060583 -0.028788 0.044482 
0.059552 0.997598 -0.035393 0.698145 
0.030863 0.033599 0.998959 0.475937 
0.000000 0.000000 0.000000 1.000000 

0.997799 -0.060644 -0.026832 0.044929 
0.059584 0.997473 -0.038690 0.697160 
0.029111 0.037006 0.998891 0.487424 
0.000000 0.000000 0.000000 1.000000 

0.997823 -0.061672 -0.023362 0.045023 
0.060705 0.997352 -0.040040 0.695504 
0.025770 0.038534 0.998925 0.499973 
0.000000 0.000000 0.000000 1.000000 

0.997833 -0.063206 -0.018283 0.044699 
0.062439 0.997253 -0.039846 0.693302 
0.020752 0.038618 0.999039 0.513721 
0.000000 0.000000 0.000000 1.000000 

0.997833 -0.064772 -0.011561 0.043989 
0.064284 0.997189 -0.038487 0.690714 
0.014021 0.037660 0.999192 0.528484 
0.000000 0.000000 0.000000 1.000000 

0.997822 -0.065894 -0.003198 0.042936 
0.065735 0.997174 -0.036371 0.687911 
0.005585 0.036082 0.999333 0.544056 
0.000000 0.000000 0.000000 1.000000 

0.997788 -0.066114 0.006962 0.041558 
0.066313 0.997224 -0.033877 0.685009 
-0.004703 0.034264 0.999402 0.560516 
0.000000 0.000000 0.000000 1.000000 

0.997709 -0.064945 0.018933 0.039897 
0.065518 0.997356 -0.031434 0.682177 
-0.016841 0.032603 0.999326 0.577661 
0.000000 0.000000 0.000000 1.000000 

0.997546 -0.061921 0.032684 0.037998 
0.062889 0.997585 -0.029488 0.679583 
-0.030779 0.031471 0.999031 0.595273 
0.000000 0.000000 0.000000 1.000000 

0.997275 -0.055900 0.048150 0.035996 
0.057310 0.997952 -0.028417 0.677272 
-0.046463 0.031099 0.998436 0.612826 
0.000000 0.000000 0.000000 1.000000 

0.996912 -0.046452 0.063322 0.034040 
0.048285 0.998448 -0.027735 0.675041 
-0.061936 0.030707 0.997608 0.629563 
0.000000 0.000000 0.000000 1.000000 

0.996547 -0.034201 0.075661 0.032148 
0.036298 0.998989 -0.026507 0.672618 
-0.074678 0.029162 0.996781 0.645426 
0.000000 0.000000 0.000000 1.000000 

0.996367 -0.019556 0.082884 0.030299 
0.021588 0.999486 -0.023690 0.669686 
-0.082378 0.025393 0.996278 0.660642 
0.000000 0.000000 0.000000 1.000000 

0.996586 -0.003112 0.082503 0.028509 
0.004624 0.999825 -0.018138 0.665969 
-0.082432 0.018458 0.996426 0.675151 
0.000000 0.000000 0.000000 1.000000 

0.996694 0.014042 0.080022 0.026701 
-0.013175 0.999849 -0.011350 0.661960 
-0.080170 0.010258 0.996728 0.689027 
0.000000 0.000000 0.000000 1.000000 

0.996243 0.030546 0.081035 0.024876 
-0.030174 0.999528 -0.005823 0.658506 
-0.081175 0.003356 0.996694 0.702605 
0.000000 0.000000 0.000000 1.000000 

0.995506 0.044973 0.083341 0.023213 
-0.044966 0.998987 -0.001971 0.655990 
-0.083345 -0.001786 0.996519 0.715855 
0.000000 0.000000 0.000000 1.000000 

0.994833 0.055984 0.084697 0.021888 
-0.056178 0.998421 -0.000088 0.654771 
-0.084569 -0.004670 0.996407 0.728750 
0.000000 0.000000 0.000000 1.000000 

0.994600 0.062448 0.082896 0.021054 
-0.062631 0.998037 -0.000393 0.655189 
-0.082757 -0.004801 0.996558 0.741499 
0.000000 0.000000 0.000000 1.000000 

0.995138 0.062998 0.075709 0.020808 
-0.062940 0.998012 -0.003151 0.656845 
-0.075757 -0.001629 0.997125 0.754052 
0.000000 0.000000 0.000000 1.000000 

0.996141 0.059901 0.064152 0.021012 
-0.059620 0.998201 -0.006283 0.658987 
-0.064413 0.002434 0.997920 0.766367 
0.000000 0.000000 0.000000 1.000000 

0.997142 0.056369 0.050303 0.021502 
-0.056040 0.998397 -0.007922 0.661514 
-0.050669 0.005080 0.998703 0.778643 
0.000000 0.000000 0.000000 1.000000 

0.998039 0.052587 0.033956 0.022111 
-0.052323 0.998593 -0.008605 0.664289 
-0.034360 0.006811 0.999386 0.790859 
0.000000 0.000000 0.000000 1.000000 

0.998700 0.048732 0.014964 0.022671 
-0.048603 0.998779 -0.008889 0.667166 
-0.015379 0.008150 0.999849 0.802993 
0.000000 0.000000 0.000000 1.000000 

0.998966 0.044896 -0.007162 0.023020 
-0.044962 0.998945 -0.009333 0.670056 
0.006735 0.009645 0.999931 0.815243 
0.000000 0.000000 0.000000 1.000000 

0.998619 0.041215 -0.032569 0.022971 
-0.041576 0.999080 -0.010487 0.672952 
0.032107 0.011827 0.999414 0.827396 
0.000000 0.000000 0.000000 1.000000 

0.997348 0.037515 -0.062369 0.022713 
-0.038331 0.999194 -0.011944 0.675851 
0.061871 0.014303 0.997982 0.838998 
0.000000 0.000000 0.000000 1.000000 

0.994599 0.033109 -0.098374 0.022642 
-0.034564 0.999316 -0.013119 0.678662 
0.097873 0.016448 0.995063 0.849875 
0.000000 0.000000 0.000000 1.000000 

0.989649 0.027428 -0.140860 0.023242 
-0.029733 0.999456 -0.014285 0.681251 
0.140392 0.018325 0.989926 0.859810 
0.000000 0.000000 0.000000 1.000000 

0.981603 0.019923 -0.189893 0.025076 
-0.023343 0.999603 -0.015788 0.683567 
0.189503 0.019930 0.981678 0.869280 
0.000000 0.000000 0.000000 1.000000 

0.969133 0.009899 -0.246341 0.028706 
-0.014811 0.999727 -0.018094 0.685629 
0.246094 0.021184 0.969014 0.879101 
0.000000 0.000000 0.000000 1.000000 

0.950723 -0.003210 -0.310026 0.034379 
-0.003721 0.999756 -0.021761 0.687095 
0.310020 0.021842 0.950479 0.889290 
0.000000 0.000000 0.000000 1.000000 

0.921972 -0.018004 -0.386837 0.041654 
0.007646 0.999570 -0.028299 0.687522 
0.387180 0.023133 0.921714 0.899207 
0.000000 0.000000 0.000000 1.000000 

0.876682 -0.033682 -0.479889 0.050204 
0.016967 0.999090 -0.039127 0.686738 
0.480770 0.026160 0.876456 0.908702 
0.000000 0.000000 0.000000 1.000000 

0.811730 -0.051285 -0.581777 0.059569 
0.024029 0.998226 -0.054469 0.684560 
0.583539 0.030234 0.811522 0.917439 
0.000000 0.000000 0.000000 1.000000 

0.725566 -0.071802 -0.684396 0.069272 
0.028499 0.996824 -0.074367 0.680840 
0.687562 0.034454 0.725308 0.925104 
0.000000 0.000000 0.000000 1.000000 

0.619660 -0.098304 -0.778690 0.078825 
0.036154 0.994647 -0.096797 0.675246 
0.784037 0.031828 0.619897 0.931961 
0.000000 0.000000 0.000000 1.000000 

0.500559 -0.128190 -0.856159 0.087550 
0.047777 0.991559 -0.120530 0.668352 
0.864383 0.019427 0.502458 0.938541 
0.000000 0.000000 0.000000 1.000000 

0.374853 -0.155704 -0.913915 0.095837 
0.055370 0.987796 -0.145581 0.662373 
0.925429 0.003968 0.378900 0.945533 
0.000000 0.000000 0.000000 1.000000 

0.248277 -0.177713 -0.952248 0.104886 
0.051460 0.984059 -0.170232 0.659465 
0.967321 -0.006738 0.253464 0.953710 
0.000000 0.000000 0.000000 1.000000 

0.129182 -0.192718 -0.972714 0.115214 
0.029112 0.981247 -0.190543 0.660837 
0.991194 -0.003703 0.132370 0.963306 
0.000000 0.000000 0.000000 1.000000 

0.024493 -0.205703 -0.978308 0.126528 
-0.008590 0.978522 -0.205963 0.665954 
0.999663 0.013448 0.022200 0.974217 
0.000000 0.000000 0.000000 1.000000 

-0.066088 -0.220788 -0.973080 0.137678 
-0.050053 0.974718 -0.217761 0.672339 
0.996558 0.034314 -0.075468 0.986107 
0.000000 0.000000 0.000000 1.000000 

-0.143538 -0.235246 -0.961278 0.147559 
-0.087310 0.970560 -0.224480 0.678054 
0.985786 0.051708 -0.159851 0.998533 
0.000000 0.000000 0.000000 1.000000 

-0.209934 -0.245384 -0.946422 0.155096 
-0.112464 0.967628 -0.225936 0.681179 
0.971226 0.059006 -0.230734 1.011043 
0.000000 0.000000 0.000000 1.000000 

-0.268873 -0.247029 -0.930959 0.160099 
-0.118106 0.967713 -0.222672 0.680494 
0.955907 0.050081 -0.289368 1.022835 
0.000000 0.000000 0.000000 1.000000 

-0.323093 -0.237127 -0.916178 0.163341 
-0.105620 0.971087 -0.214092 0.677584 
0.940455 0.027595 -0.338797 1.033826 
0.000000 0.000000 0.000000 1.000000 

-0.374357 -0.220548 -0.900675 0.165433 
-0.090101 0.975359 -0.201386 0.674873 
0.922897 0.005762 -0.385004 1.045002 
0.000000 0.000000 0.000000 1.000000 

-0.424540 -0.204784 -0.881947 0.167021 
-0.083916 0.978793 -0.186877 0.674727 
0.901512 -0.005327 -0.432721 1.057552 
0.000000 0.000000 0.000000 1.000000 

-0.472160 -0.194757 -0.859730 0.167728 
-0.089769 0.980841 -0.172892 0.677349 
0.876930 -0.004456 -0.480597 1.071507 
0.000000 0.000000 0.000000 1.000000 

-0.515174 -0.188721 -0.836050 0.167025 
-0.099819 0.982030 -0.160164 0.680762 
0.851253 0.000942 -0.524755 1.085623 
0.000000 0.000000 0.000000 1.000000 

-0.554643 -0.185066 -0.811247 0.165268 
-0.111489 0.982690 -0.147953 0.684232 
0.824585 0.008384 -0.565675 1.099259 
0.000000 0.000000 0.000000 1.000000 

-0.590839 -0.182048 -0.785982 0.162821 
-0.121962 0.983168 -0.136039 0.686964 
0.797518 0.015483 -0.603097 1.111513 
0.000000 0.000000 0.000000 1.000000 

-0.624133 -0.177704 -0.760842 0.160068 
-0.128425 0.983880 -0.124448 0.688178 
0.770692 0.020039 -0.636893 1.121516 
0.000000 0.000000 0.000000 1.000000 

-0.655477 -0.169824 -0.735874 0.157735 
-0.128166 0.985269 -0.113216 0.688039 
0.744261 0.020104 -0.667587 1.129259 
0.000000 0.000000 0.000000 1.000000 

-0.685624 -0.158413 -0.710510 0.156296 
-0.122400 0.987226 -0.101995 0.687356 
0.717592 0.017036 -0.696256 1.135313 
0.000000 0.000000 0.000000 1.000000 

-0.714694 -0.145582 -0.684119 0.155648 
-0.115023 0.989245 -0.090350 0.686358 
0.689915 0.014117 -0.723753 1.139993 
0.000000 0.000000 0.000000 1.000000 

-0.742576 -0.131992 -0.656627 0.155679 
-0.106969 0.991177 -0.078271 0.685254 
0.661165 0.012117 -0.750143 1.143691 
0.000000 0.000000 0.000000 1.000000 

-0.768713 -0.118603 -0.628502 0.156292 
-0.099330 0.992872 -0.065872 0.684269 
0.631834 0.011792 -0.775014 1.146712 
0.000000 0.000000 0.000000 1.000000 

-0.792675 -0.106429 -0.600282 0.157373 
-0.093206 0.994225 -0.053194 0.683628 
0.602477 0.013784 -0.798017 1.149378 
0.000000 0.000000 0.000000 1.000000 

-0.814548 -0.096309 -0.572046 0.158832 
-0.089598 0.995176 -0.039967 0.683544 
0.573135 0.018699 -0.819247 1.152058 
0.000000 0.000000 0.000000 1.000000 

-0.834616 -0.087340 -0.543864 0.160561 
-0.086626 0.995875 -0.026992 0.684242 
0.543978 0.024585 -0.838739 1.155072 
0.000000 0.000000 0.000000 1.000000 

-0.853402 -0.077887 -0.515402 0.162762 
-0.081667 0.996541 -0.015372 0.685230 
0.514817 0.028973 -0.856811 1.158574 
0.000000 0.000000 0.000000 1.000000 

-0.871241 -0.067798 -0.486151 0.165754 
-0.074670 0.997194 -0.005250 0.685786 
0.485143 0.031727 -0.873859 1.162670 
0.000000 0.000000 0.000000 1.000000 

-0.888095 -0.057078 -0.456102 0.169529 
-0.065681 0.997836 0.003017 0.685747 
0.454943 0.032636 -0.889922 1.167516 
0.000000 0.000000 0.000000 1.000000 

-0.903918 -0.045733 -0.425255 0.174061 
-0.054800 0.998456 0.009107 0.684967 
0.424182 0.031536 -0.905028 1.173251 
0.000000 0.000000 0.000000 1.000000 

-0.918908 -0.033544 -0.393043 0.179409 
-0.041942 0.999038 0.012795 0.683283 
0.392236 0.028243 -0.919431 1.180119 
0.000000 0.000000 0.000000 1.000000 

-0.932937 -0.020480 -0.359456 0.185551 
-0.027232 0.999535 0.013730 0.680543 
0.359008 0.022597 -0.933061 1.188264 
0.000000 0.000000 0.000000 1.000000 

-0.945857 -0.006506 -0.324519 0.191868 
-0.010861 0.999874 0.011611 0.677183 
0.324402 0.014507 -0.945808 1.197663 
0.000000 0.000000 0.000000 1.000000 

-0.958289 0.005945 -0.285739 0.197747 
0.004263 0.999970 0.006507 0.673916 
0.285769 0.005017 -0.958285 1.208231 
0.000000 0.000000 0.000000 1.000000 

-0.970237 0.014671 -0.241712 0.202990 
0.015510 0.999878 -0.001567 0.671117 
0.241660 -0.005269 -0.970347 1.219736 
0.000000 0.000000 0.000000 1.000000 

-0.980915 0.020631 -0.193342 0.207412 
0.023587 0.999637 -0.013000 0.669152 
0.193004 -0.017312 -0.981045 1.231922 
0.000000 0.000000 0.000000 1.000000 

-0.989737 0.024980 -0.140699 0.211440 
0.029259 0.999168 -0.028427 0.666846 
0.139872 -0.032252 -0.989644 1.245578 
0.000000 0.000000 0.000000 1.000000 

-0.995981 0.028869 -0.084790 0.215378 
0.033050 0.998284 -0.048337 0.663052 
0.083249 -0.050945 -0.995226 1.261052 
0.000000 0.000000 0.000000 1.000000 

-0.999078 0.033563 -0.026785 0.218980 
0.035445 0.996690 -0.073166 0.658184 
0.024241 -0.074048 -0.996960 1.277711 
0.000000 0.000000 0.000000 1.000000 

-0.998631 0.040505 0.033097 0.222064 
0.036871 0.993908 -0.103866 0.652561 
-0.037102 -0.102504 -0.994040 1.295226 
0.000000 0.000000 0.000000 1.000000 

-0.994309 0.051134 0.093458 0.224383 
0.037623 0.989294 -0.141002 0.646589 
-0.099668 -0.136683 -0.985588 1.312969 
0.000000 0.000000 0.000000 1.000000 

-0.986078 0.070072 0.150798 0.225706 
0.042095 0.982528 -0.181293 0.640683 
-0.160867 -0.172421 -0.971799 1.330306 
0.000000 0.000000 0.000000 1.000000 

-0.974455 0.098205 0.201973 0.226326 
0.052485 0.974004 -0.220368 0.635899 
-0.218363 -0.204138 -0.954277 1.346377 
0.000000 0.000000 0.000000 1.000000 

-0.960722 0.130526 0.244900 0.226612 
0.065882 0.964529 -0.255623 0.633025 
-0.269578 -0.229449 -0.935244 1.360528 
0.000000 0.000000 0.000000 1.000000 

-0.946747 0.161800 0.278371 0.226489 
0.079714 0.955437 -0.284227 0.631857 
-0.311954 -0.246901 -0.917455 1.372961 
0.000000 0.000000 0.000000 1.000000 

-0.933256 0.187379 0.306469 0.225876 
0.089112 0.947267 -0.307807 0.632176 
-0.347984 -0.259953 -0.900739 1.384099 
0.000000 0.000000 0.000000 1.000000 

-0.919815 0.206633 0.333532 0.224693 
0.091554 0.939652 -0.329656 0.633787 
-0.381522 -0.272686 -0.883223 1.394137 
0.000000 0.000000 0.000000 1.000000 

-0.906313 0.221414 0.359962 0.222876 
0.088750 0.932489 -0.350124 0.636467 
-0.413183 -0.285376 -0.864778 1.403294 
0.000000 0.000000 0.000000 1.000000 

-0.892171 0.233810 0.386477 0.220921 
0.082232 0.925383 -0.370007 0.639415 
-0.444150 -0.298329 -0.844826 1.411781 
0.000000 0.000000 0.000000 1.000000 

-0.876901 0.245632 0.413170 0.219406 
0.073479 0.917969 -0.389788 0.641939 
-0.475021 -0.311446 -0.823017 1.419470 
0.000000 0.000000 0.000000 1.000000 

-0.862233 0.257258 0.436317 0.218318 
0.064603 0.910236 -0.409020 0.644061 
-0.502375 -0.324484 -0.801455 1.426345 
0.000000 0.000000 0.000000 1.000000 

-0.850166 0.267791 0.453327 0.217625 
0.056889 0.902677 -0.426542 0.645844 
-0.523432 -0.336843 -0.782659 1.432513 
0.000000 0.000000 0.000000 1.000000 

-0.840777 0.276832 0.465250 0.217319 
0.050789 0.895920 -0.441303 0.647308 
-0.538994 -0.347408 -0.767329 1.437955 
0.000000 0.000000 0.000000 1.000000 

-0.833909 0.284035 0.473201 0.217378 
0.046687 0.890633 -0.452321 0.648483 
-0.549923 -0.355102 -0.755968 1.442668 
0.000000 0.000000 0.000000 1.000000 

-0.829171 0.289211 0.478365 0.217785 
0.044845 0.887415 -0.458784 0.649417 
-0.557194 -0.358958 -0.748789 1.446733 
0.000000 0.000000 0.000000 1.000000 

-0.826224 0.292067 0.481716 0.218523 
0.045557 0.886945 -0.459622 0.650140 
-0.561497 -0.357805 -0.746122 1.450144 
0.000000 0.000000 0.000000 1.000000 

-0.824652 0.292388 0.484209 0.219567 
0.048998 0.889745 -0.453821 0.650683 
-0.563514 -0.350519 -0.748056 1.452909 
0.000000 0.000000 0.000000 1.000000 

-0.824005 0.289964 0.486762 0.220910 
0.055371 0.896219 -0.440143 0.651088 
-0.563871 -0.335728 -0.754544 1.455085 
0.000000 0.000000 0.000000 1.000000 

-0.825014 0.284002 0.488564 0.222530 
0.062165 0.904906 -0.421047 0.651387 
-0.561682 -0.316998 -0.764215 1.456679 
0.000000 0.000000 0.000000 1.000000 

-0.828316 0.274518 0.488398 0.224395 
0.066867 0.913941 -0.400301 0.651615 
-0.556257 -0.298918 -0.775388 1.457709 
0.000000 0.000000 0.000000 1.000000 

-0.833403 0.262249 0.486483 0.226511 
0.069730 0.923108 -0.378166 0.651808 
-0.548250 -0.281242 -0.787607 1.458212 
0.000000 0.000000 0.000000 1.000000 

-0.839696 0.248082 0.483080 0.228849 
0.070955 0.932051 -0.355313 0.652002 
-0.538401 -0.264078 -0.800242 1.458203 
0.000000 0.000000 0.000000 1.000000 

-0.846601 0.232933 0.478548 0.231374 
0.070833 0.940455 -0.332456 0.652230 
-0.527493 -0.247561 -0.812690 1.457712 
0.000000 0.000000 0.000000 1.000000 

-0.853683 0.217428 0.473234 0.234099 
0.069703 0.948206 -0.309915 0.652530 
-0.516108 -0.231584 -0.824622 1.456756 
0.000000 0.000000 0.000000 1.000000 

-0.860422 0.202452 0.467641 0.236870 
0.067963 0.955085 -0.288432 0.652988 
-0.505030 -0.216391 -0.835536 1.455476 
0.000000 0.000000 0.000000 1.000000 

-0.866355 0.188863 0.462343 0.239545 
0.066078 0.960949 -0.268720 0.653652 
-0.495039 -0.202256 -0.845002 1.454010 
0.000000 0.000000 0.000000 1.000000 

-0.871166 0.177258 0.457874 0.242153 
0.064520 0.965799 -0.251135 0.654508 
-0.486730 -0.189238 -0.852809 1.452351 
0.000000 0.000000 0.000000 1.000000 

-0.875184 0.167195 0.453980 0.244678 
0.063400 0.969928 -0.234990 0.655535 
-0.479617 -0.176878 -0.859466 1.450520 
0.000000 0.000000 0.000000 1.000000 

-0.879005 0.157684 0.449984 0.247105 
0.062477 0.973687 -0.219157 0.656704 
-0.472701 -0.164527 -0.865728 1.448541 
0.000000 0.000000 0.000000 1.000000 

-0.882681 0.148593 0.445863 0.249461 
0.061743 0.977143 -0.203421 0.658009 
-0.465898 -0.152027 -0.871680 1.446399 
0.000000 0.000000 0.000000 1.000000 

-0.886196 0.139967 0.441664 0.251731 
0.061206 0.980288 -0.187852 0.659426 
-0.459251 -0.139441 -0.877294 1.444120 
0.000000 0.000000 0.000000 1.000000 

-0.889534 0.131837 0.437435 0.253901 
0.060870 0.983124 -0.172519 0.660924 
-0.452797 -0.126834 -0.882546 1.441727 
0.000000 0.000000 0.000000 1.000000 

-0.892742 0.124088 0.433144 0.255997 
0.060733 0.985696 -0.157210 0.662501 
-0.446457 -0.114042 -0.887509 1.439204 
0.000000 0.000000 0.000000 1.000000 

-0.895805 0.116755 0.428838 0.258003 
0.060797 0.987999 -0.141992 0.664129 
-0.440270 -0.101126 -0.892153 1.436577 
0.000000 0.000000 0.000000 1.000000 

-0.898710 0.109860 0.424559 0.259909 
0.061060 0.990031 -0.126930 0.665778 
-0.434271 -0.088150 -0.896459 1.433872 
0.000000 0.000000 0.000000 1.000000 

-0.901498 0.103303 0.420274 0.261736 
0.061525 0.991823 -0.111816 0.667449 
-0.428388 -0.074944 -0.900482 1.431069 
0.000000 0.000000 0.000000 1.000000 

-0.904154 0.097109 0.416023 0.263471 
0.062191 0.993367 -0.096713 0.669110 
-0.422655 -0.061570 -0.904197 1.428195 
0.000000 0.000000 0.000000 1.000000 

-0.906668 0.091294 0.411847 0.265104 
0.063050 0.994662 -0.081685 0.670734 
-0.417106 -0.048094 -0.907585 1.425279 
0.000000 0.000000 0.000000 1.000000 

-0.909074 0.085772 0.407710 0.266654 
0.064112 0.995723 -0.066524 0.672319 
-0.411672 -0.034336 -0.910685 1.422297 
0.000000 0.000000 0.000000 1.000000 

-0.911361 0.080558 0.403649 0.268109 
0.065369 0.996542 -0.051294 0.673836 
-0.406386 -0.020362 -0.913475 1.419279 
0.000000 0.000000 0.000000 1.000000 

-0.913517 0.075664 0.399702 0.269462 
0.066810 0.997114 -0.036062 0.675256 
-0.401277 -0.006239 -0.915935 1.416252 
0.000000 0.000000 0.000000 1.000000 

-0.915573 0.071014 0.395832 0.270726 
0.068450 0.997441 -0.020616 0.676578 
-0.396283 0.008219 -0.918091 1.413193 
0.000000 0.000000 0.000000 1.000000 

-0.917518 0.066617 0.392074 0.271893 
0.070279 0.997515 -0.005024 0.677772 
-0.391434 0.022945 -0.919920 1.410130 
0.000000 0.000000 0.000000 1.000000 

-0.919345 0.062481 0.388460 0.272956 
0.072279 0.997328 0.010645 0.678812 
-0.386757 0.037864 -0.921404 1.407094 
0.000000 0.000000 0.000000 1.000000 

-0.921246 0.058642 0.384533 0.273927 
0.074217 0.996909 0.025774 0.679692 
-0.381833 0.052283 -0.922751 1.404058 
0.000000 0.000000 0.000000 1.000000 

-0.923352 0.055227 0.379961 0.274895 
0.075825 0.996341 0.039447 0.680438 
-0.376392 0.065234 -0.924161 1.401230 
0.000000 0.000000 0.000000 1.000000 

-0.925600 0.052248 0.374879 0.275943 
0.077111 0.995685 0.051620 0.681093 
-0.370564 0.076687 -0.925636 1.398791 
0.000000 0.000000 0.000000 1.000000 

-0.927971 0.049659 0.369329 0.277072 
0.078106 0.994986 0.062466 0.681671 
-0.364375 0.086813 -0.927197 1.396691 
0.000000 0.000000 0.000000 1.000000 

-0.930407 0.047466 0.363442 0.278263 
0.078823 0.994290 0.071930 0.682171 
-0.357953 0.095572 -0.928836 1.394924 
0.000000 0.000000 0.000000 1.000000 

-0.932851 0.045663 0.357357 0.279495 
0.079283 0.993637 0.079995 0.682594 
-0.351430 0.102956 -0.930536 1.393475 
0.000000 0.000000 0.000000 1.000000 

-0.935294 0.044209 0.351099 0.280772 
0.079516 0.993049 0.086782 0.682949 
-0.344822 0.109084 -0.932308 1.392306 
0.000000 0.000000 0.000000 1.000000 

-0.937685 0.043097 0.344804 0.282073 
0.079545 0.992552 0.092263 0.683237 
-0.338260 0.113941 -0.934129 1.391405 
0.000000 0.000000 0.000000 1.000000 

-0.939976 0.042310 0.338608 0.283378 
0.079400 0.992167 0.096441 0.683460 
-0.331875 0.117538 -0.935972 1.390754 
0.000000 0.000000 0.000000 1.000000 

-0.942164 0.041817 0.332535 0.284690 
0.079105 0.991899 0.099392 0.683625 
-0.325685 0.119949 -0.937839 1.390322 
0.000000 0.000000 0.000000 1.000000 

-0.944205 0.041605 0.326720 0.285988 
0.078687 0.991758 0.101111 0.683735 
-0.319820 0.121178 -0.939697 1.390093 
0.000000 0.000000 0.000000 1.000000 

-0.946301 0.041673 0.320589 0.287254 
0.078192 0.991718 0.101892 0.683792 
-0.313687 0.121488 -0.941722 1.390046 
0.000000 0.000000 0.000000 1.000000 

-0.948658 0.042025 0.313498 0.288489 
0.077661 0.991742 0.102061 0.683802 
-0.306620 0.121168 -0.944088 1.390157 
0.000000 0.000000 0.000000 1.000000 

-0.951189 0.042639 0.305648 0.289673 
0.077130 0.991824 0.101666 0.683767 
-0.298814 0.120279 -0.946701 1.390406 
0.000000 0.000000 0.000000 1.000000 

-0.953806 0.043488 0.297258 0.290788 
0.076633 0.991954 0.100772 0.683692 
-0.290484 0.118896 -0.949464 1.390769 
0.000000 0.000000 0.000000 1.000000 

-0.956474 0.044561 0.288395 0.291833 
0.076199 0.992124 0.099422 0.683579 
-0.281693 0.117069 -0.952336 1.391229 
0.000000 0.000000 0.000000 1.000000 

-0.959116 0.045833 0.279279 0.292791 
0.075862 0.992323 0.097677 0.683433 
-0.272658 0.114871 -0.955229 1.391762 
0.000000 0.000000 0.000000 1.000000 

-0.961660 0.047278 0.270140 0.293643 
0.075654 0.992540 0.095611 0.683259 
-0.263604 0.112382 -0.958062 1.392342 
0.000000 0.000000 0.000000 1.000000 

-0.964089 0.048897 0.261041 0.294387 
0.075601 0.992768 0.093255 0.683058 
-0.254593 0.109641 -0.960813 1.392956 
0.000000 0.000000 0.000000 1.000000 

-0.966344 0.050667 0.252215 0.295005 
0.075733 0.992996 0.090682 0.682834 
-0.245854 0.106731 -0.963413 1.393579 
0.000000 0.000000 0.000000 1.000000 

-0.968377 0.052567 0.243890 0.295483 
0.076070 0.993215 0.087967 0.682594 
-0.237611 0.103738 -0.965805 1.394184 
0.000000 0.000000 0.000000 1.000000 

-0.970182 0.054609 0.236145 0.295813 
0.076640 0.993417 0.085137 0.682338 
-0.229941 0.100696 -0.967981 1.394757 
0.000000 0.000000 0.000000 1.000000 

-0.971719 0.056777 0.229213 0.295980 
0.077461 0.993595 0.082268 0.682072 
-0.223074 0.097697 -0.969893 1.395275 
0.000000 0.000000 0.000000 1.000000 

-0.972957 0.059052 0.223309 0.295998 
0.078546 0.993741 0.079436 0.681838 
-0.217220 0.094828 -0.971506 1.395660 
0.000000 0.000000 0.000000 1.000000 

-0.973890 0.061459 0.218543 0.295894 
0.079922 0.993849 0.076665 0.681672 
-0.212487 0.092130 -0.972811 1.395868 
0.000000 0.000000 0.000000 1.000000 

-0.974486 0.063982 0.215136 0.295674 
0.081601 0.993912 0.074029 0.681572 
-0.209090 0.089696 -0.973774 1.395904 
0.000000 0.000000 0.000000 1.000000 

-0.974719 0.066605 0.213277 0.295345 
0.083583 0.993925 0.071597 0.681535 
-0.207213 0.087614 -0.974365 1.395777 
0.000000 0.000000 0.000000 1.000000 

-0.974560 0.069357 0.213124 0.294909 
0.085908 0.993883 0.069393 0.681558 
-0.207007 0.085937 -0.974558 1.395493 
0.000000 0.000000 0.000000 1.000000 

-0.974142 0.072156 0.214104 0.294374 
0.088386 0.993816 0.067213 0.681637 
-0.207930 0.084399 -0.974496 1.395062 
0.000000 0.000000 0.000000 1.000000 

-0.973631 0.074909 0.215477 0.293750 
0.090807 0.993755 0.064840 0.681769 
-0.209274 0.082697 -0.974354 1.394496 
0.000000 0.000000 0.000000 1.000000 

-0.973028 0.077637 0.217230 0.293035 
0.093190 0.993698 0.062281 0.681952 
-0.211026 0.080845 -0.974131 1.393796 
0.000000 0.000000 0.000000 1.000000 

-0.972340 0.080307 0.219328 0.292238 
0.095508 0.993644 0.059587 0.682182 
-0.213149 0.078886 -0.973830 1.392973 
0.000000 0.000000 0.000000 1.000000 

-0.971579 0.082892 0.221728 0.291372 
0.097735 0.993590 0.056811 0.682454 
-0.215598 0.076866 -0.973452 1.392041 
0.000000 0.000000 0.000000 1.000000 

-0.970740 0.085407 0.224432 0.290430 
0.099887 0.993535 0.053955 0.682769 
-0.218373 0.074794 -0.972995 1.390998 
0.000000 0.000000 0.000000 1.000000 

-0.969834 0.087822 0.227399 0.289425 
0.101939 0.993479 0.051074 0.683121 
-0.221430 0.072714 -0.972462 1.389857 
0.000000 0.000000 0.000000 1.000000 

-0.968872 0.090110 0.230581 0.288368 
0.103869 0.993421 0.048223 0.683506 
-0.224719 0.070672 -0.971857 1.388634 
0.000000 0.000000 0.000000 1.000000 

-0.967849 0.092281 0.233991 0.287253 
0.105691 0.993362 0.045403 0.683924 
-0.228248 0.068674 -0.971178 1.387322 
0.000000 0.000000 0.000000 1.000000 

-0.966778 0.094307 0.237584 0.286092 
0.107381 0.993302 0.042672 0.684371 
-0.231968 0.066766 -0.970429 1.385938 
0.000000 0.000000 0.000000 1.000000 

-0.965672 0.096162 0.241311 0.284898 
0.108923 0.993242 0.040081 0.684839 
-0.235826 0.064989 -0.969620 1.384497 
0.000000 0.000000 0.000000 1.000000 

-0.964524 0.097851 0.245190 0.283662 
0.110326 0.993183 0.037638 0.685333 
-0.239835 0.063353 -0.968744 1.382991 
0.000000 0.000000 0.000000 1.000000 

-0.963350 0.099345 0.249174 0.282397 
0.111571 0.993126 0.035397 0.685845 
-0.243944 0.061900 -0.967812 1.381437 
0.000000 0.000000 0.000000 1.000000 

-0.962164 0.100621 0.253213 0.281117 
0.112646 0.993073 0.033409 0.686369 
-0.248097 0.060668 -0.966834 1.379852 
0.000000 0.000000 0.000000 1.000000 

-0.960960 0.101677 0.257330 0.279813 
0.113556 0.993026 0.031688 0.686910 
-0.252313 0.059672 -0.965804 1.378226 
0.000000 0.000000 0.000000 1.000000 

-0.959754 0.102487 0.261476 0.278498 
0.114287 0.992986 0.030286 0.687459 
-0.256538 0.058951 -0.964735 1.376576 
0.000000 0.000000 0.000000 1.000000 

-0.958562 0.103029 0.265601 0.277185 
0.114830 0.992954 0.029248 0.688011 
-0.260716 0.058535 -0.963639 1.374921 
0.000000 0.000000 0.000000 1.000000 

-0.957380 0.103293 0.269729 0.275865 
0.115186 0.992932 0.028601 0.688570 
-0.264868 0.058451 -0.962512 1.373250 
0.000000 0.000000 0.000000 1.000000 

-0.956225 0.103254 0.273810 0.274552 
0.115346 0.992920 0.028390 0.689128 
-0.268940 0.058730 -0.961365 1.371579 
0.000000 0.000000 0.000000 1.000000 

-0.955057 0.103015 0.277946 0.273259 
0.115356 0.992919 0.028373 0.689680 
-0.273055 0.059161 -0.960178 1.369928 
0.000000 0.000000 0.000000 1.000000 

-0.953810 0.102688 0.282315 0.271977 
0.115272 0.992931 0.028284 0.690228 
-0.277415 0.059520 -0.958905 1.368284 
0.000000 0.000000 0.000000 1.000000 

-0.952494 0.102282 0.286871 0.270718 
0.115098 0.992956 0.028126 0.690767 
-0.281974 0.059808 -0.957556 1.366667 
0.000000 0.000000 0.000000 1.000000 

-0.951119 0.101805 0.291562 0.269498 
0.114841 0.992992 0.027905 0.691290 
-0.286677 0.060024 -0.956145 1.365093 
0.000000 0.000000 0.000000 1.000000 

-0.949675 0.101258 0.296420 0.268305 
0.114503 0.993039 0.027622 0.691801 
-0.291560 0.060172 -0.954658 1.363552 
0.000000 0.000000 0.000000 1.000000 

-0.948172 0.100650 0.301396 0.267154 
0.114090 0.993096 0.027281 0.692292 
-0.296569 0.060254 -0.953109 1.362062 
0.000000 0.000000 0.000000 1.000000 

-0.946625 0.099991 0.306435 0.266058 
0.113612 0.993161 0.026891 0.692758 
-0.301651 0.060270 -0.951512 1.360640 
0.000000 0.000000 0.000000 1.000000 

-0.945020 0.099281 0.311577 0.265008 
0.113067 0.993235 0.026448 0.693201 
-0.306843 0.060223 -0.949853 1.359276 
0.000000 0.000000 0.000000 1.000000 

-0.943372 0.098530 0.316767 0.264018 
0.112463 0.993317 0.025960 0.693616 
-0.312092 0.060114 -0.948148 1.357988 
0.000000 0.000000 0.000000 1.000000 

-0.941696 0.097748 0.321953 0.263098 
0.111810 0.993404 0.025432 0.693997 
-0.317343 0.059947 -0.946414 1.356790 
0.000000 0.000000 0.000000 1.000000 

-0.939980 0.096932 0.327173 0.262242 
0.111105 0.993498 0.024864 0.694343 
-0.322636 0.059722 -0.944637 1.355697 
0.000000 0.000000 0.000000 1.000000 

-0.938239 0.096095 0.332376 0.261455 
0.110358 0.993596 0.024260 0.694651 
-0.327916 0.059442 -0.942835 1.354736 
0.000000 0.000000 0.000000 1.000000 

-0.936491 0.095246 0.337508 0.260740 
0.109579 0.993697 0.023628 0.694920 
-0.333130 0.059111 -0.941026 1.353904 
0.000000 0.000000 0.000000 1.000000 

-0.934725 0.094382 0.342609 0.260086 
0.108764 0.993802 0.022964 0.695156 
-0.338318 0.058729 -0.939198 1.353188 
0.000000 0.000000 0.000000 1.000000 

-0.932958 0.093515 0.347625 0.259495 
0.107924 0.993910 0.022275 0.695360 
-0.343425 0.058299 -0.937369 1.352586 
0.000000 0.000000 0.000000 1.000000 

-0.931211 0.092655 0.352508 0.258970 
0.107069 0.994018 0.021568 0.695532 
-0.348400 0.057827 -0.935560 1.352097 
0.000000 0.000000 0.000000 1.000000 

-0.929470 0.091799 0.357293 0.258502 
0.106194 0.994127 0.020837 0.695676 
-0.353281 0.057310 -0.933760 1.351709 
0.000000 0.000000 0.000000 1.000000 

-0.927758 0.090957 0.361929 0.258092 
0.105312 0.994236 0.020090 0.695794 
-0.358016 0.056754 -0.931989 1.351419 
0.000000 0.000000 0.000000 1.000000 

-0.926093 0.090141 0.366371 0.257742 
0.104433 0.994344 0.019333 0.695886 
-0.362556 0.056166 -0.930268 1.351224 
0.000000 0.000000 0.000000 1.000000 

-0.924465 0.089347 0.370649 0.257445 
0.103553 0.994451 0.018561 0.695956 
-0.366934 0.055541 -0.928587 1.351116 
0.000000 0.000000 0.000000 1.000000 

-0.922898 0.088585 0.374716 0.257201 
0.102682 0.994555 0.017781 0.696004 
-0.371101 0.054887 -0.926969 1.351091 
0.000000 0.000000 0.000000 1.000000 

-0.921410 0.087865 0.378529 0.257010 
0.101833 0.994656 0.016999 0.696034 
-0.375013 0.054210 -0.925433 1.351143 
0.000000 0.000000 0.000000 1.000000 

-0.919994 0.087185 0.382113 0.256868 
0.101001 0.994754 0.016208 0.696046 
-0.378696 0.053505 -0.923973 1.351268 
0.000000 0.000000 0.000000 1.000000 

-0.918671 0.086554 0.385425 0.256775 
0.100199 0.994848 0.015416 0.696044 
-0.382105 0.052781 -0.922611 1.351459 
0.000000 0.000000 0.000000 1.000000 

-0.917460 0.085981 0.388425 0.256729 
0.099435 0.994936 0.014630 0.696028 
-0.385201 0.052045 -0.921364 1.351710 
0.000000 0.000000 0.000000 1.000000 

-0.916358 0.085465 0.391131 0.256727 
0.098709 0.995020 0.013841 0.696001 
-0.388000 0.051292 -0.920231 1.352019 
0.000000 0.000000 0.000000 1.000000 

-0.915384 0.085014 0.393503 0.256769 
