<?xml version="1.0" encoding="utf-8"?>
<COLLADA xmlns:xsi="http://www.w3.org/2001/XMLSchema-instance" xmlns:xsd="http://www.w3.org/2001/XMLSchema" version="1.4.1" xmlns="http://www.collada.org/2005/11/COLLADASchema">
  <asset>
    <contributor>
      <author />
      <authoring_tool>Unity3D 2017.2.1f1 - COLLADA exporter v1.6.4</authoring_tool>
      <comments />
      <copyright />
      <source_data />
    </contributor>
    <created>2018-03-12T00:18:34.427044-04:00</created>
    <modified>2018-03-12T00:18:34.427045-04:00</modified>
    <unit meter="1" name="meter" />
    <up_axis>Y_UP</up_axis>
  </asset>
  <library_animations>
    <animation>
      <source id="_7eb6acb3f103645819ba6c5fed780fee_mixamo.com_13378_0-input">
        <float_array id="_7eb6acb3f103645819ba6c5fed780fee_mixamo.com_13378_0-input-array" count="210">0.000000 0.016600 0.033300 0.050000 0.066600 0.083300 0.100000 0.116600 0.133300 0.150000 0.166600 0.183300 0.200000 0.216600 0.233300 0.250000 0.266600 0.283300 0.300000 0.316600 0.333300 0.350000 0.366600 0.383300 0.400000 0.416600 0.433300 0.450000 0.466600 0.483300 0.500000 0.516600 0.533300 0.550000 0.566600 0.583300 0.600000 0.616600 0.633300 0.650000 0.666600 0.683300 0.700000 0.716600 0.733300 0.750000 0.766600 0.783300 0.800000 0.816600 0.833300 0.850000 0.866600 0.883300 0.900000 0.916600 0.933300 0.950000 0.966600 0.983300 1.000000 1.016600 1.033300 1.050000 1.066600 1.083300 1.100000 1.116600 1.133300 1.150000 1.166600 1.183300 1.200000 1.216600 1.233300 1.250000 1.266600 1.283300 1.300000 1.316600 1.333300 1.350000 1.366600 1.383300 1.400000 1.416600 1.433300 1.450000 1.466600 1.483300 1.500000 1.516600 1.533300 1.550000 1.566600 1.583300 1.600000 1.616600 1.633300 1.650000 1.666600 1.683300 1.700000 1.716600 1.733300 1.750000 1.766600 1.783300 1.800000 1.816600 1.833300 1.850000 1.866600 1.883300 1.900000 1.916600 1.933300 1.950000 1.966600 1.983300 2.000000 2.016600 2.033300 2.050000 2.066600 2.083300 2.100000 2.116600 2.133300 2.150000 2.166600 2.183300 2.200000 2.216600 2.233300 2.250000 2.266600 2.283300 2.300000 2.316600 2.333300 2.350000 2.366600 2.383300 2.400000 2.416600 2.433300 2.450000 2.466600 2.483300 2.500000 2.516600 2.533300 2.550000 2.566600 2.583300 2.600000 2.616600 2.633300 2.650000 2.666600 2.683300 2.700000 2.716600 2.733300 2.750000 2.766600 2.783300 2.800000 2.816600 2.833300 2.850000 2.866600 2.883300 2.900000 2.916600 2.933300 2.950000 2.966600 2.983300 3.000000 3.016600 3.033300 3.050000 3.066600 3.083300 3.100000 3.116600 3.133300 3.150000 3.166600 3.183300 3.200000 3.216600 3.233300 3.250000 3.266600 3.283300 3.300000 3.316600 3.333300 3.350000 3.366600 3.383300 3.400000 3.416600 3.433300 3.450000 3.466600 3.483300</float_array>
        <technique_common>
          <accessor count="210" source="#_7eb6acb3f103645819ba6c5fed780fee_mixamo.com_13378_0-input-array">
            <param name="TIME" type="float" />
          </accessor>
        </technique_common>
      </source>
      <source id="_7eb6acb3f103645819ba6c5fed780fee_mixamo.com_13378_0-output">
        <float_array id="_7eb6acb3f103645819ba6c5fed780fee_mixamo.com_13378_0-output-array" count="3360">

0.960802 -0.021403 -0.276407 -0.012996 
-0.070063 0.945905 -0.316787 0.625159 
0.268235 0.323736 0.907328 -0.099907 
0.000000 0.000000 0.000000 1.000000 

0.961070 -0.022955 -0.275349 -0.013325 
-0.069397 0.944545 -0.320965 0.625496 
0.267448 0.327579 0.906181 -0.100357 
0.000000 0.000000 0.000000 1.000000 

0.961345 -0.024755 -0.274233 -0.013768 
-0.068575 0.943044 -0.325522 0.625903 
0.266672 0.331744 0.904893 -0.100969 
0.000000 0.000000 0.000000 1.000000 

0.961627 -0.026665 -0.273060 -0.014370 
-0.067736 0.941382 -0.330471 0.626360 
0.265866 0.336286 0.903453 -0.101794 
0.000000 0.000000 0.000000 1.000000 

0.961920 -0.028547 -0.271834 -0.015170 
-0.067017 0.939540 -0.335817 0.626846 
0.264986 0.341247 0.901850 -0.102881 
0.000000 0.000000 0.000000 1.000000 

0.962232 -0.030295 -0.270539 -0.016206 
-0.066545 0.937464 -0.341661 0.627340 
0.263971 0.346760 0.900043 -0.104269 
0.000000 0.000000 0.000000 1.000000 

0.962566 -0.031767 -0.269179 -0.017438 
-0.066458 0.935133 -0.348008 0.627829 
0.262774 0.352870 0.898016 -0.105953 
0.000000 0.000000 0.000000 1.000000 

0.962924 -0.032829 -0.267766 -0.018810 
-0.066883 0.932527 -0.354853 0.628317 
0.261349 0.359606 0.895757 -0.107931 
0.000000 0.000000 0.000000 1.000000 

0.963316 -0.033364 -0.266286 -0.020293 
-0.067957 0.929576 -0.362313 0.628816 
0.259622 0.367118 0.893208 -0.110238 
0.000000 0.000000 0.000000 1.000000 

0.963743 -0.033235 -0.264753 -0.021831 
-0.069807 0.926253 -0.370382 0.629331 
0.257538 0.375435 0.890350 -0.112875 
0.000000 0.000000 0.000000 1.000000 

0.964203 -0.032317 -0.263188 -0.023369 
-0.072542 0.922532 -0.379042 0.629864 
0.255048 0.384566 0.887164 -0.115834 
0.000000 0.000000 0.000000 1.000000 

0.964700 -0.030470 -0.261584 -0.024885 
-0.076319 0.918313 -0.388427 0.630330 
0.252051 0.394680 0.883571 -0.119049 
0.000000 0.000000 0.000000 1.000000 

0.965223 -0.027565 -0.259970 -0.026321 
-0.081246 0.913555 -0.398519 0.630682 
0.248481 0.405781 0.879545 -0.122359 
0.000000 0.000000 0.000000 1.000000 

0.965758 -0.023498 -0.258379 -0.027610 
-0.087400 0.908215 -0.409276 0.631006 
0.244281 0.417844 0.875062 -0.125691 
0.000000 0.000000 0.000000 1.000000 

0.966124 -0.019268 -0.257357 -0.028706 
-0.094268 0.901955 -0.421415 0.631392 
0.240245 0.431400 0.869584 -0.129035 
0.000000 0.000000 0.000000 1.000000 

0.966185 -0.015933 -0.257359 -0.029541 
-0.101100 0.894761 -0.434950 0.631926 
0.237205 0.446261 0.862893 -0.132319 
0.000000 0.000000 0.000000 1.000000 

0.965996 -0.013328 -0.258213 -0.030052 
-0.107797 0.886976 -0.449059 0.632690 
0.235013 0.461624 0.855378 -0.135474 
0.000000 0.000000 0.000000 1.000000 

0.965607 -0.011239 -0.259765 -0.030185 
-0.114380 0.878841 -0.463201 0.633779 
0.233498 0.476982 0.847329 -0.138484 
0.000000 0.000000 0.000000 1.000000 

0.965063 -0.009496 -0.261847 -0.029794 
-0.120746 0.870788 -0.476602 0.635091 
0.232539 0.491567 0.839218 -0.141331 
0.000000 0.000000 0.000000 1.000000 

0.964413 -0.007908 -0.264284 -0.028740 
-0.126797 0.863284 -0.488533 0.636369 
0.232015 0.504657 0.831559 -0.143859 
0.000000 0.000000 0.000000 1.000000 

0.963690 -0.006248 -0.266949 -0.026948 
-0.132535 0.856696 -0.498504 0.637486 
0.231809 0.515783 0.824762 -0.145836 
0.000000 0.000000 0.000000 1.000000 

0.962942 -0.004307 -0.269676 -0.024357 
-0.137849 0.851554 -0.505820 0.638293 
0.231822 0.524250 0.819403 -0.146985 
0.000000 0.000000 0.000000 1.000000 

0.962212 -0.001873 -0.272295 -0.020926 
-0.142633 0.848351 -0.509859 0.638648 
0.231957 0.529431 0.816027 -0.147045 
0.000000 0.000000 0.000000 1.000000 

0.961535 0.001316 -0.274680 -0.016660 
-0.146865 0.847512 -0.510053 0.638556 
0.232123 0.530774 0.815106 -0.145859 
0.000000 0.000000 0.000000 1.000000 

0.960958 0.005481 -0.276641 -0.011747 
-0.150433 0.849479 -0.505723 0.638253 
0.232229 0.527594 0.817138 -0.143474 
0.000000 0.000000 0.000000 1.000000 

0.960527 0.010818 -0.277977 -0.006341 
-0.153239 0.854549 -0.496249 0.637954 
0.232177 0.519257 0.822475 -0.139965 
0.000000 0.000000 0.000000 1.000000 

0.960282 0.017609 -0.278476 -0.000496 
-0.155243 0.863001 -0.480758 0.637869 
0.231860 0.504895 0.831458 -0.135338 
0.000000 0.000000 0.000000 1.000000 

0.960396 0.025789 -0.277441 0.005650 
-0.155981 0.874831 -0.458629 0.638159 
0.230887 0.483742 0.844207 -0.129544 
0.000000 0.000000 0.000000 1.000000 

0.961074 0.034890 -0.274078 0.011929 
-0.155014 0.889244 -0.430367 0.638894 
0.228707 0.456101 0.860038 -0.122406 
0.000000 0.000000 0.000000 1.000000 

0.962413 0.044621 -0.267898 0.018267 
-0.152284 0.905417 -0.396270 0.640168 
0.224877 0.422172 0.878181 -0.113655 
0.000000 0.000000 0.000000 1.000000 

0.964478 0.054457 -0.258489 0.024580 
-0.147796 0.922277 -0.357158 0.642036 
0.218948 0.382674 0.897564 -0.103174 
0.000000 0.000000 0.000000 1.000000 

0.967281 0.063809 -0.245553 0.030864 
-0.141646 0.938791 -0.314019 0.644466 
0.210485 0.338526 0.917113 -0.091127 
0.000000 0.000000 0.000000 1.000000 

0.970840 0.072201 -0.228596 0.037170 
-0.133865 0.954325 -0.267104 0.647471 
0.198870 0.289916 0.936162 -0.077544 
0.000000 0.000000 0.000000 1.000000 

0.975066 0.078943 -0.207400 0.043306 
-0.124637 0.968073 -0.217486 0.650494 
0.183610 0.237913 0.953774 -0.062607 
0.000000 0.000000 0.000000 1.000000 

0.980059 0.083987 -0.180083 0.049100 
-0.115118 0.978686 -0.170066 0.653014 
0.161962 0.187405 0.968838 -0.046903 
0.000000 0.000000 0.000000 1.000000 

0.985314 0.087762 -0.146474 0.054621 
-0.106836 0.986018 -0.127884 0.655095 
0.133203 0.141655 0.980913 -0.030989 
0.000000 0.000000 0.000000 1.000000 

0.989823 0.090438 -0.109867 0.059832 
-0.100583 0.990795 -0.090604 0.656759 
0.100661 0.100733 0.989808 -0.015705 
0.000000 0.000000 0.000000 1.000000 

0.992984 0.092496 -0.073673 0.064742 
-0.096845 0.993619 -0.057810 0.658438 
0.067856 0.064539 0.995605 -0.001689 
0.000000 0.000000 0.000000 1.000000 

0.994679 0.094662 -0.040656 0.069690 
-0.095857 0.994986 -0.028528 0.661127 
0.037752 0.032273 0.998766 0.011106 
0.000000 0.000000 0.000000 1.000000 

0.995108 0.097766 -0.014225 0.074693 
-0.097809 0.995202 -0.002365 0.664332 
0.013925 0.003745 0.999896 0.022691 
0.000000 0.000000 0.000000 1.000000 

0.994961 0.100262 0.000521 0.079664 
-0.100247 0.994697 0.022992 0.667354 
0.001787 -0.022928 0.999736 0.033121 
0.000000 0.000000 0.000000 1.000000 

0.994901 0.100775 0.003943 0.084367 
-0.100846 0.993651 0.049876 0.669757 
0.001109 -0.050019 0.998748 0.042409 
0.000000 0.000000 0.000000 1.000000 

0.994965 0.100216 0.000681 0.088415 
-0.099964 0.991925 0.078053 0.671349 
0.007147 -0.077728 0.996949 0.050290 
0.000000 0.000000 0.000000 1.000000 

0.995051 0.099270 -0.004434 0.091642 
-0.098226 0.989371 0.107224 0.671898 
0.015031 -0.106258 0.994225 0.056722 
0.000000 0.000000 0.000000 1.000000 

0.995131 0.098337 -0.006656 0.094150 
-0.096492 0.985773 0.137625 0.670933 
0.020095 -0.136312 0.990462 0.062000 
0.000000 0.000000 0.000000 1.000000 

0.995231 0.097541 -0.001104 0.096339 
-0.095952 0.980939 0.168975 0.668927 
0.017565 -0.168063 0.985620 0.066610 
0.000000 0.000000 0.000000 1.000000 

0.994889 0.100209 0.012399 0.098586 
-0.100660 0.974621 0.199954 0.667120 
0.007953 -0.200181 0.979727 0.070975 
0.000000 0.000000 0.000000 1.000000 

0.993613 0.108910 0.029534 0.101057 
-0.112787 0.966738 0.229559 0.667369 
-0.003550 -0.231424 0.972846 0.075063 
0.000000 0.000000 0.000000 1.000000 

0.991328 0.122380 0.047871 0.103557 
-0.130622 0.957503 0.257148 0.670303 
-0.014367 -0.261171 0.965186 0.078151 
0.000000 0.000000 0.000000 1.000000 

0.988108 0.139415 0.064852 0.105987 
-0.152167 0.947195 0.282253 0.675197 
-0.022077 -0.288765 0.957146 0.079766 
0.000000 0.000000 0.000000 1.000000 

0.984133 0.159295 0.078150 0.108218 
-0.175725 0.935983 0.305053 0.680887 
-0.024553 -0.313945 0.949124 0.080042 
0.000000 0.000000 0.000000 1.000000 

0.979621 0.179398 0.090334 0.110346 
-0.199269 0.924485 0.324992 0.686397 
-0.025209 -0.336369 0.941393 0.079351 
0.000000 0.000000 0.000000 1.000000 

0.974647 0.197294 0.105541 0.112677 
-0.221869 0.913222 0.341760 0.691422 
-0.028955 -0.356511 0.933842 0.077645 
0.000000 0.000000 0.000000 1.000000 

0.969255 0.212730 0.123657 0.115560 
-0.243432 0.902266 0.355889 0.695750 
-0.035864 -0.375050 0.926311 0.074842 
0.000000 0.000000 0.000000 1.000000 

0.963580 0.225139 0.144311 0.119303 
-0.263444 0.891879 0.367626 0.699074 
-0.045941 -0.392255 0.918709 0.070885 
0.000000 0.000000 0.000000 1.000000 

0.957762 0.234042 0.167083 0.123833 
-0.281421 0.882296 0.377300 0.700777 
-0.059113 -0.408384 0.910894 0.065584 
0.000000 0.000000 0.000000 1.000000 

0.951823 0.239115 0.191983 0.128314 
-0.297198 0.873560 0.385443 0.700386 
-0.075543 -0.423931 0.902539 0.059193 
0.000000 0.000000 0.000000 1.000000 

0.945871 0.239860 0.218621 0.131765 
-0.310277 0.865863 0.392441 0.697790 
-0.095165 -0.439032 0.893417 0.052500 
0.000000 0.000000 0.000000 1.000000 

0.939986 0.235868 0.246563 0.133713 
-0.320224 0.859337 0.398743 0.693356 
-0.117830 -0.453768 0.883295 0.046137 
0.000000 0.000000 0.000000 1.000000 

0.934095 0.226634 0.275870 0.134360 
-0.326784 0.853950 0.404948 0.688078 
-0.143804 -0.468409 0.871730 0.041031 
0.000000 0.000000 0.000000 1.000000 

0.928174 0.211689 0.306073 0.133754 
-0.329516 0.849720 0.411575 0.682647 
-0.172951 -0.482870 0.858443 0.038018 
0.000000 0.000000 0.000000 1.000000 

0.922734 0.192131 0.334136 0.132268 
-0.327786 0.847234 0.418032 0.677321 
-0.202774 -0.495258 0.844750 0.036277 
0.000000 0.000000 0.000000 1.000000 

0.918330 0.170656 0.357136 0.130345 
-0.322176 0.846436 0.423968 0.672359 
-0.229940 -0.504403 0.832289 0.034734 
0.000000 0.000000 0.000000 1.000000 

0.915241 0.149799 0.374025 0.128390 
-0.314249 0.846378 0.429990 0.667980 
-0.252155 -0.511081 0.821714 0.032655 
0.000000 0.000000 0.000000 1.000000 

0.913869 0.132035 0.383941 0.127277 
-0.305661 0.846162 0.436556 0.664986 
-0.267235 -0.516311 0.813639 0.032067 
0.000000 0.000000 0.000000 1.000000 

0.914651 0.119492 0.386179 0.126901 
-0.297916 0.844972 0.444150 0.662556 
-0.273238 -0.521291 0.808453 0.030392 
0.000000 0.000000 0.000000 1.000000 

0.917116 0.112454 0.382431 0.127060 
-0.292813 0.841027 0.454899 0.659713 
-0.270480 -0.529176 0.804247 0.024956 
0.000000 0.000000 0.000000 1.000000 

0.917850 0.103415 0.383220 0.126368 
-0.290992 0.831934 0.472451 0.657806 
-0.269955 -0.545153 0.793683 0.024418 
0.000000 0.000000 0.000000 1.000000 

0.912642 0.082520 0.400344 0.124225 
-0.292840 0.815308 0.499517 0.657923 
-0.285184 -0.573117 0.768249 0.029893 
0.000000 0.000000 0.000000 1.000000 

0.897096 0.042371 0.439800 0.120786 
-0.299288 0.790524 0.534320 0.659545 
-0.325033 -0.610963 0.721857 0.039343 
0.000000 0.000000 0.000000 1.000000 

0.874281 -0.007403 0.485363 0.116699 
-0.309497 0.761788 0.569114 0.662238 
-0.373957 -0.647784 0.663726 0.050692 
0.000000 0.000000 0.000000 1.000000 

0.853337 -0.050901 0.518869 0.114748 
-0.320387 0.733935 0.598909 0.665770 
-0.411301 -0.677310 0.609985 0.060473 
0.000000 0.000000 0.000000 1.000000 

0.844487 -0.070892 0.530863 0.114919 
-0.329839 0.712082 0.619794 0.669869 
-0.421957 -0.698508 0.577962 0.069052 
0.000000 0.000000 0.000000 1.000000 

0.846422 -0.069077 0.528014 0.116744 
-0.336912 0.698402 0.631447 0.673981 
-0.412384 -0.712364 0.567870 0.076999 
0.000000 0.000000 0.000000 1.000000 

0.853983 -0.055658 0.517315 0.120666 
-0.339294 0.694200 0.634796 0.677701 
-0.394452 -0.717627 0.573950 0.090049 
0.000000 0.000000 0.000000 1.000000 

0.862113 -0.041470 0.505017 0.121129 
-0.335196 0.700751 0.629755 0.679164 
-0.380007 -0.712199 0.590226 0.104867 
0.000000 0.000000 0.000000 1.000000 

0.869780 -0.034270 0.492248 0.120327 
-0.322449 0.715648 0.619576 0.678597 
-0.373509 -0.697620 0.611406 0.117746 
0.000000 0.000000 0.000000 1.000000 

0.879052 -0.031295 0.475697 0.119133 
-0.302707 0.734228 0.607682 0.676724 
-0.368287 -0.678181 0.635952 0.128296 
0.000000 0.000000 0.000000 1.000000 

0.889808 -0.027976 0.455477 0.118559 
-0.280579 0.753619 0.594419 0.675126 
-0.359886 -0.656716 0.662726 0.135017 
0.000000 0.000000 0.000000 1.000000 

0.901884 -0.019616 0.431532 0.118987 
-0.260982 0.771302 0.580501 0.674894 
-0.344228 -0.636167 0.690506 0.137193 
0.000000 0.000000 0.000000 1.000000 

0.913782 -0.005392 0.406170 0.119896 
-0.246215 0.787940 0.564384 0.675683 
-0.323080 -0.615729 0.718678 0.136222 
0.000000 0.000000 0.000000 1.000000 

0.923952 0.010840 0.382356 0.120922 
-0.234889 0.805011 0.544780 0.676927 
-0.301895 -0.593161 0.746337 0.133806 
0.000000 0.000000 0.000000 1.000000 

0.932495 0.027127 0.360162 0.121701 
-0.225843 0.821982 0.522820 0.678048 
-0.281864 -0.568868 0.772621 0.131684 
0.000000 0.000000 0.000000 1.000000 

0.939709 0.041843 0.339407 0.122060 
-0.217652 0.838699 0.499212 0.678893 
-0.263771 -0.542986 0.797240 0.130711 
0.000000 0.000000 0.000000 1.000000 

0.945774 0.053094 0.320457 0.122058 
-0.208947 0.854794 0.475047 0.679682 
-0.248703 -0.516245 0.819535 0.130521 
0.000000 0.000000 0.000000 1.000000 

0.950913 0.059104 0.303763 0.121713 
-0.198280 0.869999 0.451428 0.680424 
-0.237592 -0.489499 0.839012 0.130948 
0.000000 0.000000 0.000000 1.000000 

0.955362 0.061567 0.288952 0.121033 
-0.186475 0.884268 0.428131 0.681142 
-0.229152 -0.462903 0.856277 0.131834 
0.000000 0.000000 0.000000 1.000000 

0.959201 0.063333 0.275539 0.120031 
-0.175518 0.897432 0.404734 0.681846 
-0.221644 -0.436583 0.871934 0.133016 
0.000000 0.000000 0.000000 1.000000 

0.962531 0.064517 0.263385 0.118729 
-0.165327 0.909509 0.381393 0.682547 
-0.214945 -0.410647 0.886097 0.134324 
0.000000 0.000000 0.000000 1.000000 

0.965495 0.065230 0.252122 0.117125 
-0.155644 0.920727 0.357821 0.683266 
-0.208795 -0.384716 0.899110 0.135610 
0.000000 0.000000 0.000000 1.000000 

0.968161 0.065543 0.241594 0.115089 
-0.146413 0.931083 0.334136 0.683975 
-0.203044 -0.358870 0.911035 0.136727 
0.000000 0.000000 0.000000 1.000000 

0.970597 0.065518 0.231623 0.112499 
-0.137576 0.940584 0.310442 0.684607 
-0.197521 -0.333180 0.921942 0.137615 
0.000000 0.000000 0.000000 1.000000 

0.972900 0.065199 0.221845 0.109332 
-0.128930 0.949395 0.286401 0.685133 
-0.191946 -0.307242 0.932073 0.138251 
0.000000 0.000000 0.000000 1.000000 

0.975115 0.064611 0.212075 0.105611 
-0.120445 0.957497 0.262091 0.685513 
-0.186127 -0.281112 0.941452 0.138595 
0.000000 0.000000 0.000000 1.000000 

0.977282 0.063771 0.202121 0.101370 
-0.112100 0.964876 0.237588 0.685710 
-0.179871 -0.254848 0.950105 0.138611 
0.000000 0.000000 0.000000 1.000000 

0.979468 0.062662 0.191614 0.096568 
-0.103735 0.971636 0.212515 0.685690 
-0.172862 -0.228029 0.958187 0.138266 
0.000000 0.000000 0.000000 1.000000 

0.981691 0.061264 0.180358 0.091236 
-0.095360 0.977734 0.186931 0.685414 
-0.164890 -0.200707 0.965675 0.137525 
0.000000 0.000000 0.000000 1.000000 

0.983957 0.059546 0.168176 0.085419 
-0.086997 0.983129 0.160901 0.684851 
-0.155758 -0.172950 0.972537 0.136360 
0.000000 0.000000 0.000000 1.000000 

0.986296 0.057427 0.154671 0.079056 
-0.078535 0.987863 0.134014 0.683956 
-0.145098 -0.144325 0.978834 0.134723 
0.000000 0.000000 0.000000 1.000000 

0.988695 0.055418 0.139325 0.072211 
-0.070514 0.991877 0.105863 0.682854 
-0.132327 -0.114490 0.984572 0.132620 
0.000000 0.000000 0.000000 1.000000 

0.991032 0.053728 0.122350 0.064984 
-0.063233 0.995163 0.075177 0.681533 
-0.117719 -0.082239 0.989636 0.129995 
0.000000 0.000000 0.000000 1.000000 

0.993190 0.051799 0.104362 0.057326 
-0.056247 0.997610 0.040132 0.679721 
-0.102034 -0.045729 0.993729 0.126671 
0.000000 0.000000 0.000000 1.000000 

0.995057 0.049098 0.086324 0.049320 
-0.049233 0.998787 -0.000565 0.677172 
-0.086247 -0.003688 0.996267 0.122516 
0.000000 0.000000 0.000000 1.000000 

0.996578 0.045123 0.069256 0.041057 
-0.041847 0.997968 -0.048049 0.673654 
-0.071283 0.044987 0.996441 0.117417 
0.000000 0.000000 0.000000 1.000000 

0.997950 0.039866 0.050066 0.032622 
-0.034737 0.994437 -0.099442 0.669228 
-0.053751 0.097499 0.993783 0.111324 
0.000000 0.000000 0.000000 1.000000 

0.999091 0.033515 0.026348 0.024196 
-0.029205 0.988300 -0.149703 0.664550 
-0.031057 0.148797 0.988380 0.104539 
0.000000 0.000000 0.000000 1.000000 

0.999663 0.025960 -0.000089 0.015791 
-0.025463 0.979865 -0.198030 0.660188 
-0.005054 0.197966 0.980196 0.097349 
0.000000 0.000000 0.000000 1.000000 

0.999463 0.017149 -0.027918 0.007171 
-0.023462 0.969369 -0.244485 0.656325 
0.022871 0.245008 0.969251 0.089823 
0.000000 0.000000 0.000000 1.000000 

0.998440 0.007360 -0.055355 -0.001740 
-0.023038 0.957272 -0.288272 0.652069 
0.050869 0.289097 0.955947 0.082143 
0.000000 0.000000 0.000000 1.000000 

0.996737 -0.002944 -0.080669 -0.010886 
-0.023816 0.944127 -0.328721 0.646421 
0.077129 0.329570 0.940976 0.074476 
0.000000 0.000000 0.000000 1.000000 

0.994792 -0.013451 -0.101034 -0.020105 
-0.024781 0.929595 -0.367749 0.639408 
0.098867 0.368337 0.924420 0.066814 
0.000000 0.000000 0.000000 1.000000 

0.993202 -0.023577 -0.113987 -0.028963 
-0.024965 0.913338 -0.406436 0.631562 
0.113691 0.406519 0.906541 0.059374 
0.000000 0.000000 0.000000 1.000000 

0.992323 -0.032597 -0.119304 -0.037316 
-0.023959 0.895700 -0.444013 0.623461 
0.121334 0.443463 0.888042 0.052499 
0.000000 0.000000 0.000000 1.000000 

0.992344 -0.039926 -0.116869 -0.045318 
-0.021301 0.876789 -0.480403 0.615516 
0.121651 0.479214 0.869226 0.046534 
0.000000 0.000000 0.000000 1.000000 

0.993306 -0.044804 -0.106470 -0.052760 
-0.016525 0.857119 -0.514853 0.608247 
0.114325 0.513166 0.850641 0.041877 
0.000000 0.000000 0.000000 1.000000 

0.995024 -0.046545 -0.088094 -0.059313 
-0.009230 0.837309 -0.546652 0.601967 
0.099206 0.544745 0.832713 0.038566 
0.000000 0.000000 0.000000 1.000000 

0.996547 -0.048357 -0.067501 -0.064957 
0.000644 0.817396 -0.576076 0.596499 
0.083033 0.574044 0.814604 0.036170 
0.000000 0.000000 0.000000 1.000000 

0.997265 -0.053444 -0.051053 -0.069785 
0.011876 0.797638 -0.603019 0.591784 
0.072950 0.600763 0.796091 0.034449 
0.000000 0.000000 0.000000 1.000000 

0.997371 -0.061067 -0.039015 -0.073910 
0.023136 0.778550 -0.627157 0.587743 
0.068674 0.624605 0.777915 0.033149 
0.000000 0.000000 0.000000 1.000000 

0.997005 -0.070628 -0.031515 -0.077516 
0.033360 0.760346 -0.648661 0.584226 
0.069776 0.645666 0.760425 0.031993 
0.000000 0.000000 0.000000 1.000000 

0.996262 -0.081381 -0.028979 -0.080520 
0.041336 0.743649 -0.667291 0.581497 
0.075855 0.663599 0.744233 0.030867 
0.000000 0.000000 0.000000 1.000000 

0.995203 -0.092522 -0.031775 -0.082812 
0.045979 0.729088 -0.682874 0.579743 
0.086348 0.678137 0.729845 0.029820 
0.000000 0.000000 0.000000 1.000000 

0.993965 -0.103143 -0.037351 -0.084495 
0.048262 0.716939 -0.695463 0.578756 
0.098510 0.689463 0.717591 0.028823 
0.000000 0.000000 0.000000 1.000000 

0.992728 -0.112507 -0.042821 -0.085631 
0.049773 0.707492 -0.704966 0.578363 
0.109609 0.697708 0.707947 0.027867 
0.000000 0.000000 0.000000 1.000000 

0.991556 -0.120390 -0.048198 -0.086292 
0.050522 0.700932 -0.711436 0.578375 
0.119433 0.702994 0.701096 0.026939 
0.000000 0.000000 0.000000 1.000000 

0.990492 -0.126708 -0.053581 -0.086562 
0.050523 0.697296 -0.715001 0.578606 
0.127958 0.705496 0.697067 0.026014 
0.000000 0.000000 0.000000 1.000000 

0.989598 -0.131226 -0.058955 -0.086512 
0.049754 0.696708 -0.715627 0.578868 
0.134984 0.705250 0.695990 0.025079 
0.000000 0.000000 0.000000 1.000000 

0.988927 -0.133754 -0.064284 -0.086107 
0.048198 0.699185 -0.713314 0.579234 
0.140356 0.702318 0.697890 0.024184 
0.000000 0.000000 0.000000 1.000000 

0.988515 -0.134141 -0.069603 -0.085212 
0.045785 0.704752 -0.707975 0.579875 
0.144021 0.696657 0.702800 0.023329 
0.000000 0.000000 0.000000 1.000000 

0.988398 -0.132180 -0.074820 -0.083762 
0.042446 0.713358 -0.699513 0.580737 
0.145835 0.688222 0.710692 0.022456 
0.000000 0.000000 0.000000 1.000000 

0.987940 -0.130875 -0.082746 -0.081707 
0.037628 0.721308 -0.691592 0.581761 
0.150198 0.680138 0.717533 0.021506 
0.000000 0.000000 0.000000 1.000000 

0.986448 -0.133347 -0.095601 -0.078981 
0.031297 0.724886 -0.688158 0.582711 
0.161064 0.675840 0.719235 0.020313 
0.000000 0.000000 0.000000 1.000000 

0.983831 -0.139706 -0.112067 -0.075647 
0.024197 0.723667 -0.689725 0.583287 
0.177458 0.675861 0.715347 0.018839 
0.000000 0.000000 0.000000 1.000000 

0.980007 -0.150055 -0.130648 -0.071811 
0.016953 0.717243 -0.696617 0.583428 
0.198237 0.680475 0.705447 0.017249 
0.000000 0.000000 0.000000 1.000000 

0.975985 -0.160372 -0.147423 -0.067529 
0.010715 0.711285 -0.702822 0.583839 
0.217573 0.684364 0.695922 0.015905 
0.000000 0.000000 0.000000 1.000000 

0.973028 -0.166382 -0.159794 -0.062899 
0.006353 0.711748 -0.702406 0.585314 
0.230600 0.682446 0.693608 0.015086 
0.000000 0.000000 0.000000 1.000000 

0.971177 -0.168387 -0.168704 -0.057937 
0.003588 0.718020 -0.696013 0.587709 
0.238332 0.675346 0.697929 0.014676 
0.000000 0.000000 0.000000 1.000000 

0.970316 -0.166793 -0.175122 -0.052555 
0.001956 0.729505 -0.683973 0.590701 
0.241834 0.663327 0.708176 0.014531 
0.000000 0.000000 0.000000 1.000000 

0.969926 -0.163501 -0.180305 -0.046751 
0.000758 0.742810 -0.669502 0.593929 
0.243397 0.649231 0.720595 0.014513 
0.000000 0.000000 0.000000 1.000000 

0.969569 -0.160206 -0.185119 -0.040536 
-0.000429 0.755043 -0.655675 0.597023 
0.244816 0.635802 0.731998 0.014481 
0.000000 0.000000 0.000000 1.000000 

0.969216 -0.156885 -0.189758 -0.033880 
-0.001690 0.766449 -0.642303 0.599904 
0.246207 0.622851 0.742589 0.014353 
0.000000 0.000000 0.000000 1.000000 

0.968841 -0.153570 -0.194327 -0.026918 
-0.003082 0.777044 -0.629439 0.602692 
0.247664 0.610425 0.752359 0.014156 
0.000000 0.000000 0.000000 1.000000 

0.968421 -0.150286 -0.198936 -0.019744 
-0.004659 0.786860 -0.617113 0.605401 
0.249278 0.598552 0.761312 0.013915 
0.000000 0.000000 0.000000 1.000000 

0.967920 -0.146994 -0.203773 -0.012324 
-0.006497 0.796098 -0.605132 0.608095 
0.251174 0.587044 0.769605 0.013650 
0.000000 0.000000 0.000000 1.000000 

0.967310 -0.143709 -0.208947 -0.004750 
-0.008643 0.804775 -0.593517 0.610787 
0.253449 0.575921 0.777225 0.013386 
0.000000 0.000000 0.000000 1.000000 

0.966562 -0.140444 -0.214554 0.002933 
-0.011133 0.812915 -0.582276 0.613434 
0.256191 0.565195 0.784169 0.013114 
0.000000 0.000000 0.000000 1.000000 

0.965630 -0.137146 -0.220793 0.010838 
-0.014048 0.820685 -0.571208 0.616021 
0.259541 0.554677 0.790552 0.012779 
0.000000 0.000000 0.000000 1.000000 

0.964477 -0.133820 -0.227764 0.018899 
-0.017421 0.828099 -0.560310 0.618531 
0.263592 0.544374 0.796352 0.012342 
0.000000 0.000000 0.000000 1.000000 

0.963067 -0.130466 -0.235542 0.027043 
-0.021271 0.835176 -0.549572 0.620949 
0.268420 0.534285 0.801555 0.011770 
0.000000 0.000000 0.000000 1.000000 

0.961332 -0.127021 -0.244349 0.035341 
-0.025685 0.842054 -0.538781 0.623357 
0.274191 0.524223 0.806231 0.011043 
0.000000 0.000000 0.000000 1.000000 

0.959221 -0.123476 -0.254261 0.043745 
-0.030680 0.848744 -0.527914 0.625944 
0.280987 0.514186 0.810345 0.010202 
0.000000 0.000000 0.000000 1.000000 

0.956684 -0.119822 -0.265328 0.052232 
-0.036252 0.855252 -0.516943 0.628920 
0.288863 0.504169 0.813862 0.009285 
0.000000 0.000000 0.000000 1.000000 

0.953614 -0.115978 -0.277795 0.060759 
-0.042496 0.861700 -0.505636 0.632294 
0.298019 0.493986 0.816800 0.008339 
0.000000 0.000000 0.000000 1.000000 

0.949936 -0.111924 -0.291709 0.068212 
-0.049403 0.868086 -0.493950 0.635103 
0.308513 0.483632 0.819097 0.007852 
0.000000 0.000000 0.000000 1.000000 

0.945295 -0.107732 -0.307915 0.074538 
-0.057467 0.874139 -0.482263 0.637378 
0.321116 0.473576 0.820128 0.007231 
0.000000 0.000000 0.000000 1.000000 

0.939605 -0.103322 -0.326294 0.080226 
-0.066799 0.879653 -0.470902 0.639350 
0.335679 0.464258 0.819624 0.006464 
0.000000 0.000000 0.000000 1.000000 

0.933424 -0.098594 -0.344963 0.085483 
-0.076606 0.884556 -0.460101 0.641065 
0.350502 0.455895 0.818112 0.005595 
0.000000 0.000000 0.000000 1.000000 

0.927447 -0.093503 -0.362076 0.090160 
-0.086129 0.888794 -0.450142 0.642347 
0.363900 0.448668 0.816256 0.004804 
0.000000 0.000000 0.000000 1.000000 

0.922381 -0.087943 -0.376137 0.094492 
-0.094829 0.892390 -0.441189 0.643400 
0.374460 0.442613 0.814784 0.003942 
0.000000 0.000000 0.000000 1.000000 

0.919120 -0.081916 -0.385366 0.098518 
-0.102020 0.895296 -0.433633 0.644399 
0.380538 0.437876 0.814528 0.002907 
0.000000 0.000000 0.000000 1.000000 

0.917150 -0.075737 -0.391279 0.102115 
-0.108418 0.897338 -0.427821 0.645355 
0.383511 0.434797 0.814783 0.001698 
0.000000 0.000000 0.000000 1.000000 

0.915320 -0.069625 -0.396662 0.105280 
-0.115197 0.898524 -0.423539 0.646302 
0.385899 0.433368 0.814416 0.000264 
0.000000 0.000000 0.000000 1.000000 

0.913617 -0.063613 -0.401569 0.108046 
-0.122221 0.899030 -0.420484 0.647269 
0.387771 0.433241 0.813594 -0.001408 
0.000000 0.000000 0.000000 1.000000 

0.912023 -0.057725 -0.406056 0.110487 
-0.129344 0.899043 -0.418319 0.648276 
0.389209 0.434038 0.812482 -0.003207 
0.000000 0.000000 0.000000 1.000000 

0.910495 -0.051873 -0.410255 0.112640 
-0.136542 0.898744 -0.416671 0.649351 
0.390328 0.435394 0.811219 -0.005009 
0.000000 0.000000 0.000000 1.000000 

0.909015 -0.046071 -0.414208 0.114460 
-0.143666 0.898313 -0.415204 0.650556 
0.391218 0.436935 0.809961 -0.006698 
0.000000 0.000000 0.000000 1.000000 

0.907568 -0.040331 -0.417963 0.115917 
-0.150563 0.897933 -0.413579 0.651875 
0.391983 0.438281 0.808863 -0.008296 
0.000000 0.000000 0.000000 1.000000 

0.906111 -0.034555 -0.421626 0.117033 
-0.157205 0.897783 -0.411427 0.653228 
0.392745 0.439080 0.808059 -0.009882 
0.000000 0.000000 0.000000 1.000000 

0.904628 -0.028747 -0.425231 0.117806 
-0.163438 0.898050 -0.408406 0.654511 
0.393619 0.438954 0.807703 -0.011506 
0.000000 0.000000 0.000000 1.000000 

0.903181 -0.023306 -0.428627 0.118240 
-0.169186 0.898371 -0.405347 0.655619 
0.394512 0.438620 0.807448 -0.013219 
0.000000 0.000000 0.000000 1.000000 

0.901842 -0.018502 -0.431669 0.118348 
-0.174556 0.898316 -0.403185 0.656470 
0.395235 0.438960 0.806910 -0.015100 
0.000000 0.000000 0.000000 1.000000 

0.900651 -0.014288 -0.434309 0.118097 
-0.179516 0.897953 -0.401815 0.656978 
0.395730 0.439860 0.806177 -0.017158 
0.000000 0.000000 0.000000 1.000000 

0.899641 -0.010601 -0.436502 0.117483 
-0.184044 0.897350 -0.401113 0.657168 
0.395947 0.441193 0.805341 -0.019350 
0.000000 0.000000 0.000000 1.000000 

0.898827 -0.007310 -0.438242 0.116535 
-0.188197 0.896563 -0.400945 0.657094 
0.395842 0.442857 0.804479 -0.021694 
0.000000 0.000000 0.000000 1.000000 

0.898243 -0.004352 -0.439478 0.115293 
-0.191949 0.895657 -0.401191 0.656810 
0.395368 0.444725 0.803682 -0.024167 
0.000000 0.000000 0.000000 1.000000 

0.897912 -0.001654 -0.440172 0.113803 
-0.195282 0.894699 -0.401720 0.656372 
0.394486 0.446667 0.803038 -0.026745 
0.000000 0.000000 0.000000 1.000000 

0.897853 0.000905 -0.440293 0.112082 
-0.198238 0.893738 -0.402411 0.655829 
0.393142 0.448589 0.802625 -0.029449 
0.000000 0.000000 0.000000 1.000000 

0.898091 0.003399 -0.439796 0.110177 
-0.200795 0.892840 -0.403136 0.655237 
0.391298 0.450362 0.802534 -0.032254 
0.000000 0.000000 0.000000 1.000000 

0.898639 0.005899 -0.438650 0.108135 
-0.202944 0.892070 -0.403764 0.654655 
0.388924 0.451859 0.802846 -0.035135 
0.000000 0.000000 0.000000 1.000000 

0.899520 0.008525 -0.436797 0.105970 
-0.204711 0.891480 -0.404174 0.654128 
0.385950 0.452979 0.803649 -0.038116 
0.000000 0.000000 0.000000 1.000000 

0.900746 0.011348 -0.434198 0.103729 
-0.206086 0.891136 -0.404234 0.653715 
0.382342 0.453595 0.805026 -0.041171 
0.000000 0.000000 0.000000 1.000000 

0.902317 0.014435 -0.430831 0.101254 
-0.207068 0.891096 -0.403820 0.653336 
0.378083 0.453585 0.807040 -0.044317 
0.000000 0.000000 0.000000 1.000000 

0.904261 0.017904 -0.426606 0.098346 
-0.207677 0.891419 -0.402794 0.652858 
0.373072 0.452827 0.809793 -0.047592 
0.000000 0.000000 0.000000 1.000000 

0.906572 0.021817 -0.421486 0.095064 
-0.207915 0.892161 -0.401025 0.652261 
0.367284 0.451191 0.813344 -0.050911 
0.000000 0.000000 0.000000 1.000000 

0.909501 0.026098 -0.414883 0.091476 
-0.207226 0.893645 -0.398065 0.651531 
0.360369 0.448015 0.818179 -0.054187 
0.000000 0.000000 0.000000 1.000000 

0.913212 0.030565 -0.406338 0.087584 
-0.205146 0.896080 -0.393645 0.650638 
0.352079 0.442840 0.824581 -0.057394 
0.000000 0.000000 0.000000 1.000000 

0.917487 0.034989 -0.396224 0.083454 
-0.201853 0.899287 -0.387993 0.649568 
0.342744 0.435958 0.832146 -0.060445 
0.000000 0.000000 0.000000 1.000000 

0.922102 0.039144 -0.384963 0.079217 
-0.197551 0.903068 -0.381368 0.648406 
0.332719 0.427710 0.840453 -0.063295 
0.000000 0.000000 0.000000 1.000000 

0.926928 0.042887 -0.372780 0.073217 
-0.192353 0.907299 -0.373911 0.646874 
0.322187 0.418294 0.849250 -0.066397 
0.000000 0.000000 0.000000 1.000000 

0.931771 0.046011 -0.360119 0.066704 
-0.186437 0.911792 -0.365891 0.645110 
0.311518 0.408066 0.858160 -0.069384 
0.000000 0.000000 0.000000 1.000000 

0.936451 0.048343 -0.347451 0.060471 
-0.179988 0.916364 -0.357606 0.643238 
0.301103 0.397417 0.866831 -0.072047 
0.000000 0.000000 0.000000 1.000000 

0.940893 0.049766 -0.335028 0.054251 
-0.173057 0.920923 -0.349216 0.641272 
0.291156 0.386553 0.875103 -0.074519 
0.000000 0.000000 0.000000 1.000000 

0.944952 0.050142 -0.323345 0.048137 
-0.165799 0.925310 -0.341046 0.639268 
0.282094 0.375882 0.882686 -0.076804 
0.000000 0.000000 0.000000 1.000000 

0.948507 0.049370 -0.312885 0.042220 
-0.158364 0.929378 -0.333433 0.637286 
0.274327 0.365813 0.889340 -0.078911 
0.000000 0.000000 0.000000 1.000000 

0.951512 0.047353 -0.303945 0.036483 
-0.150758 0.933066 -0.326587 0.635348 
0.268136 0.356574 0.894963 -0.080886 
0.000000 0.000000 0.000000 1.000000 

0.954002 0.044461 -0.296484 0.031018 
-0.143326 0.936245 -0.320784 0.633513 
0.263320 0.348522 0.899553 -0.082735 
0.000000 0.000000 0.000000 1.000000 

0.956107 0.041181 -0.290111 0.025909 
-0.136333 0.938903 -0.316029 0.631838 
0.259372 0.341709 0.903306 -0.084471 
0.000000 0.000000 0.000000 1.000000 

0.957883 0.037524 -0.284695 0.021151 
-0.129661 0.941123 -0.312212 0.630349 
0.256218 0.335976 0.906351 -0.086133 
0.000000 0.000000 0.000000 1.000000 

0.959348 0.033554 -0.280223 0.016742 
-0.123325 0.942934 -0.309301 0.629188 
0.253853 0.331286 0.908740 -0.087756 
0.000000 0.000000 0.000000 1.000000 

0.960521 0.029336 -0.276656 0.012631 
-0.117336 0.944370 -0.307242 0.628385 
0.252252 0.327574 0.910529 -0.089349 
0.000000 0.000000 0.000000 1.000000 

0.961439 0.024855 -0.273892 0.008756 
-0.111599 0.945486 -0.305943 0.627819 
0.251357 0.324712 0.911801 -0.090919 
0.000000 0.000000 0.000000 1.000000 

0.962115 0.020169 -0.271897 0.005130 
-0.106130 0.946308 -0.305348 0.627385 
0.251139 0.322637 0.912598 -0.092442 
0.000000 0.000000 0.000000 1.000000 

0.962565 0.015337 -0.270615 0.001791 
-0.100942 0.946865 -0.305382 0.626973 
0.251552 0.321266 0.912967 -0.093874 
0.000000 0.000000 0.000000 1.000000 

0.962813 0.010328 -0.269973 -0.001248 
-0.095954 0.947193 -0.305970 0.626561 
0.252556 0.320496 0.912961 -0.095186 
0.000000 0.000000 0.000000 1.000000 

0.962869 0.005195 -0.269919 -0.003929 
-0.091182 0.947319 -0.307037 0.626177 
0.254104 0.320248 0.912618 -0.096339 
0.000000 0.000000 0.000000 1.000000 

0.962751 -0.000003 -0.270390 -0.006258 
-0.086638 0.947272 -0.308497 0.625836 
0.256134 0.320431 0.911986 -0.097329 
0.000000 0.000000 0.000000 1.000000 

0.962471 -0.005307 -0.271334 -0.008302 
-0.082252 0.947078 -0.310287 0.625549 
0.258621 0.320960 0.911098 -0.098177 
0.000000 0.000000 0.000000 1.000000 

0.962043 -0.010661 -0.272690 -0.010084 
-0.078035 0.946766 -0.312320 0.625331 
0.261504 0.321745 0.909998 -0.098884 
0.000000 0.000000 0.000000 1.000000 

0.961485 -0.016010 -0.274392 -0.011636 
-0.073996 0.946368 -0.314504 0.625197 
0.264711 0.322695 0.908733 -0.099457 
0.000000 0.000000 0.000000 1.000000 

0.960804 -0.021393 -0.276403 -0.012994 
-0.070071 0.945906 -0.316783 0.625159 
0.268228 0.323734 0.907331 -0.099906 
0.000000 0.000000 0.000000 1.000000</float_array>
        <technique_common>
          <accessor count="210" source="#_7eb6acb3f103645819ba6c5fed780fee_mixamo.com_13378_0-output-array" stride="16">
            <param name="TRANSFORM" type="float4x4" />
          </accessor>
        </technique_common>
      </source>
      <source id="_7eb6acb3f103645819ba6c5fed780fee_mixamo.com_13378_0-interpolation">
        <Name_array id="_7eb6acb3f103645819ba6c5fed780fee_mixamo.com_13378_0-interpolation-array" count="210">LINEAR LINEAR LINEAR LINEAR LINEAR LINEAR LINEAR LINEAR LINEAR LINEAR LINEAR LINEAR LINEAR LINEAR LINEAR LINEAR LINEAR LINEAR LINEAR LINEAR LINEAR LINEAR LINEAR LINEAR LINEAR LINEAR LINEAR LINEAR LINEAR LINEAR LINEAR LINEAR LINEAR LINEAR LINEAR LINEAR LINEAR LINEAR LINEAR LINEAR LINEAR LINEAR LINEAR LINEAR LINEAR LINEAR LINEAR LINEAR LINEAR LINEAR LINEAR LINEAR LINEAR LINEAR LINEAR LINEAR LINEAR LINEAR LINEAR LINEAR LINEAR LINEAR LINEAR LINEAR LINEAR LINEAR LINEAR LINEAR LINEAR LINEAR LINEAR LINEAR LINEAR LINEAR LINEAR LINEAR LINEAR LINEAR LINEAR LINEAR LINEAR LINEAR LINEAR LINEAR LINEAR LINEAR LINEAR LINEAR LINEAR LINEAR LINEAR LINEAR LINEAR LINEAR LINEAR LINEAR LINEAR LINEAR LINEAR LINEAR LINEAR LINEAR LINEAR LINEAR LINEAR LINEAR LINEAR LINEAR LINEAR LINEAR LINEAR LINEAR LINEAR LINEAR LINEAR LINEAR LINEAR LINEAR LINEAR LINEAR LINEAR LINEAR LINEAR LINEAR LINEAR LINEAR LINEAR LINEAR LINEAR LINEAR LINEAR LINEAR LINEAR LINEAR LINEAR LINEAR LINEAR LINEAR LINEAR LINEAR LINEAR LINEAR LINEAR LINEAR LINEAR LINEAR LINEAR LINEAR LINEAR LINEAR LINEAR LINEAR LINEAR LINEAR LINEAR LINEAR LINEAR LINEAR LINEAR LINEAR LINEAR LINEAR LINEAR LINEAR LINEAR LINEAR LINEAR LINEAR LINEAR LINEAR LINEAR LINEAR LINEAR LINEAR LINEAR LINEAR LINEAR LINEAR LINEAR LINEAR LINEAR LINEAR LINEAR LINEAR LINEAR LINEAR LINEAR LINEAR LINEAR LINEAR LINEAR LINEAR LINEAR LINEAR LINEAR LINEAR LINEAR LINEAR LINEAR LINEAR LINEAR LINEAR LINEAR LINEAR LINEAR LINEAR LINEAR LINEAR LINEAR LINEAR </Name_array>
        <technique_common>
          <accessor count="210" source="#_7eb6acb3f103645819ba6c5fed780fee_mixamo.com_13378_0-interpolation-array">
            <param name="INTERPOLATION" type="name" />
          </accessor>
        </technique_common>
      </source>
      <sampler id="_7eb6acb3f103645819ba6c5fed780fee_mixamo.com_13378_0-sampler">
        <input semantic="INPUT" source="#_7eb6acb3f103645819ba6c5fed780fee_mixamo.com_13378_0-input" />
        <input semantic="OUTPUT" source="#_7eb6acb3f103645819ba6c5fed780fee_mixamo.com_13378_0-output" />
        <input semantic="INTERPOLATION" source="#_7eb6acb3f103645819ba6c5fed780fee_mixamo.com_13378_0-interpolation" />
      </sampler>
      <channel source="#_7eb6acb3f103645819ba6c5fed780fee_mixamo.com_13378_0-sampler" target="_13386/matrix" />
      <source id="_7eb6acb3f103645819ba6c5fed780fee_mixamo.com_13378_1-input">
